12
316	75	48	8	0	0	7	0	32	8	33	0	52	55	30	71	15	36	39	0	0	0	37	0	100	0	0	67	52	0	27	5	0	0	11	28	54	55	12	68	0	3
531	31	15	16	0	0	0	0	41	8	0	0	52	60	22	38	0	16	26	0	0	0	81	0	100	0	0	33	27	0	0	7	0	0	0	0	54	15	0	74	0	7
615	65	42	16	0	0	0	0	47	0	33	0	28	66	30	68	10	40	29	0	0	0	49	0	100	0	0	65	49	0	28	10	0	0	0	28	55	52	0	75	0	7
619	72	51	58	0	0	0	0	42	12	33	0	52	89	53	76	30	23	27	0	0	0	66	0	100	0	0	69	50	0	17	15	0	0	0	0	55	21	0	86	0	22
720	22	13	16	0	0	0	0	32	4	0	0	52	48	20	28	0	30	28	0	0	0	74	0	100	0	0	22	87	0	0	5	0	0	0	0	54	30	0	68	0	7
721	35	17	16	0	0	0	0	44	8	0	0	52	61	33	43	0	11	28	0	0	0	72	0	100	0	0	39	65	0	0	9	0	0	0	0	54	12	0	74	0	7
725	73	38	33	0	0	7	0	48	16	0	0	52	77	30	69	0	15	24	0	0	0	76	0	100	0	0	66	52	0	0	4	0	0	0	0	54	12	0	82	0	14
764	73	38	16	0	0	7	0	43	16	16	0	52	64	30	69	15	18	32	0	0	0	49	0	100	0	0	66	52	0	0	4	0	0	0	28	54	29	0	75	0	7
832	22	11	8	0	0	0	0	41	8	0	0	52	45	20	28	0	7	32	0	0	0	66	0	100	0	0	22	82	0	0	5	0	0	0	0	54	14	0	67	0	3
863	44	19	8	0	0	0	0	44	8	0	0	52	46	18	49	0	6	32	0	0	0	67	0	100	0	0	39	28	0	0	3	0	0	0	0	54	12	0	67	0	3
919	73	44	16	0	0	7	0	49	0	8	4	45	64	28	70	2	36	30	0	0	0	63	0	100	0	0	65	46	0	14	6	0	0	11	28	57	46	25	75	0	7
1025	56	29	33	0	0	0	0	41	8	0	0	52	76	20	59	0	32	15	0	0	0	100	0	100	0	0	53	41	0	0	6	0	0	0	0	57	18	0	82	0	14
