26
16	43	24	8	0	0	0	0	52	8	0	0	52	60	70	63	0	2	32	0	0	0	48	0	100	0	0	52	50	100	0	37	0	0	0	0	54	3	0	68	0	3
217	63	19	8	0	0	0	16	89	0	0	0	52	60	12	70	0	7	18	0	0	0	66	1	100	0	0	69	50	100	0	10	0	8	0	0	54	11	0	68	0	3
296	64	19	16	0	0	0	22	89	0	0	0	52	69	14	72	0	10	16	0	0	0	72	1	100	0	0	70	50	100	0	11	0	16	0	0	54	12	0	75	0	7
379	60	26	8	0	0	0	5	82	0	0	0	62	55	26	64	0	7	20	0	0	0	68	0	100	0	0	64	49	100	0	7	0	0	0	0	54	14	0	68	0	3
380	55	24	8	0	0	0	5	82	0	0	0	52	55	31	61	0	7	20	0	0	0	67	0	100	0	0	61	49	100	0	9	0	0	0	0	54	13	0	68	0	3
384	56	27	16	0	0	0	11	82	0	0	0	52	64	19	63	0	14	15	0	0	0	79	0	100	0	0	62	52	100	0	4	0	16	0	0	54	14	0	75	0	7
428	56	28	8	0	0	0	11	76	0	8	0	52	54	19	63	5	16	21	0	0	0	62	0	100	0	0	62	52	100	0	4	0	16	0	14	54	23	0	68	0	3
429	57	28	8	0	0	0	11	76	0	8	0	52	54	19	63	5	16	21	0	0	0	63	0	100	0	0	63	52	100	0	3	0	16	0	14	54	23	0	68	0	3
430	60	29	8	0	0	0	11	76	0	8	0	52	54	19	64	5	16	21	0	0	0	62	0	100	0	0	64	52	100	0	2	0	16	0	14	54	23	0	68	0	3
434	62	30	16	0	0	0	16	76	0	8	0	52	65	19	67	5	21	18	0	0	0	70	0	100	0	0	67	49	100	0	3	0	25	0	14	54	23	0	75	0	7
454	62	20	33	0	0	0	0	54	0	0	0	52	78	18	70	0	11	25	0	0	0	76	0	100	0	0	67	50	100	0	4	0	0	0	0	55	9	0	82	0	14
457	71	36	41	0	0	0	33	76	0	8	0	52	83	17	74	5	36	8	0	0	0	87	0	100	0	0	76	50	100	0	2	0	50	0	14	55	23	0	84	0	18
472	78	22	33	0	0	7	44	74	8	16	0	52	83	16	82	10	17	20	0	0	0	69	1	100	0	0	79	50	100	0	14	0	50	0	28	54	20	0	82	0	14
524	72	14	8	0	8	0	22	89	0	25	11	46	69	14	82	25	18	19	0	0	0	59	4	100	0	0	83	50	100	35	12	12	16	22	14	54	24	12	68	0	3
527	76	14	8	0	11	0	50	86	0	33	6	44	71	14	83	37	19	21	0	0	0	56	4	100	0	0	83	50	100	35	15	0	41	11	42	54	25	12	69	0	3
566	73	26	83	0	0	0	66	85	0	8	0	52	100	16	82	10	37	2	0	0	0	92	1	100	0	0	79	50	100	0	15	0	100	0	0	56	17	0	91	0	37
658	62	22	50	0	0	0	0	54	0	0	0	52	88	16	75	0	11	25	0	0	0	75	0	100	0	0	67	50	100	0	5	0	0	0	0	55	9	0	86	0	22
668	70	27	41	0	0	7	22	65	8	8	0	52	84	39	77	10	19	19	0	0	0	76	0	100	0	0	72	50	100	0	16	0	33	0	0	55	15	0	84	0	18
672	78	20	66	0	0	7	44	67	16	16	0	52	97	38	85	15	16	21	0	0	0	72	1	100	0	0	79	50	100	0	24	0	50	0	0	55	13	0	89	0	29
681	75	20	8	0	8	0	38	85	0	25	6	45	66	16	80	27	20	21	0	0	0	57	4	100	0	0	83	50	100	34	5	0	25	11	42	54	28	12	68	0	3
684	76	27	83	0	0	0	66	89	0	0	0	52	99	16	82	0	34	0	0	0	0	96	1	100	0	0	82	50	100	0	11	0	83	0	0	56	15	0	91	0	37
723	38	18	8	0	0	0	0	48	8	0	0	52	49	35	47	0	4	32	0	0	0	55	0	100	0	0	43	41	100	0	11	0	0	0	0	54	7	0	67	0	3
724	42	23	16	0	0	0	0	51	8	0	0	52	66	57	58	0	4	31	0	0	0	56	0	100	0	0	50	50	100	0	26	0	0	0	0	54	5	0	75	0	7
808	68	23	50	0	0	0	44	85	0	8	0	52	89	16	78	10	25	10	0	0	0	83	1	100	0	0	75	50	100	0	15	0	66	0	0	55	16	0	86	0	22
947	65	17	16	0	0	0	11	68	4	16	0	52	69	21	71	10	16	24	0	0	0	57	1	100	0	0	71	50	100	0	13	0	8	0	0	56	14	0	75	0	7
1038	71	35	41	0	0	0	33	76	4	0	0	52	83	17	74	0	24	10	0	0	0	92	0	100	0	0	76	50	100	0	2	0	41	0	0	55	15	0	84	0	18
