151
15	43	23	8	0	0	0	0	52	8	0	0	52	45	61	59	0	3	33	0	0	0	45	0	0	100	0	51	50	0	0	28	0	0	0	0	15	6	0	32	0	3
137	49	32	8	0	0	0	0	44	4	16	0	45	33	32	54	2	28	34	0	0	0	39	0	0	100	0	48	38	0	13	9	0	0	0	0	18	41	0	33	0	3
152	66	32	25	0	0	0	22	76	0	8	0	52	50	19	69	5	32	21	0	0	0	60	0	0	100	0	70	51	0	0	3	0	33	0	14	21	32	0	43	0	11
203	55	24	8	0	0	0	5	76	4	0	0	52	39	25	60	0	9	23	0	0	0	59	0	0	100	0	61	52	0	0	6	0	0	0	0	16	15	0	34	0	3
228	31	19	8	0	0	0	0	54	4	0	0	52	26	22	38	0	11	30	0	0	0	55	0	0	100	0	33	24	0	0	7	0	0	0	0	15	27	0	29	0	3
230	51	26	8	0	0	0	0	38	8	16	0	52	32	32	55	2	23	37	0	0	0	29	0	0	100	0	50	39	0	0	7	0	0	0	28	15	44	0	30	0	3
284	62	28	25	0	0	0	16	76	4	0	0	52	50	26	67	0	21	21	0	0	0	63	0	0	100	0	67	51	0	0	6	0	16	0	0	21	23	0	42	0	11
289	71	37	50	0	0	0	33	82	0	0	0	52	60	17	74	0	49	15	0	0	0	70	0	0	100	0	76	50	0	0	2	0	50	0	0	24	32	0	48	0	22
298	86	22	41	0	0	15	22	79	4	8	0	52	65	21	82	10	23	21	0	0	33	61	1	0	100	0	81	50	0	0	10	0	16	0	14	23	25	0	49	0	18
299	88	12	50	0	0	23	0	73	0	8	0	59	66	16	88	7	27	22	0	0	0	60	10	0	100	0	100	50	0	0	3	75	0	0	0	25	20	0	50	0	22
300	88	15	50	0	0	23	0	76	0	0	0	59	65	16	87	0	24	21	0	0	0	66	6	0	100	0	98	50	0	0	3	75	0	0	0	25	20	0	49	0	22
301	88	18	66	0	0	23	0	68	0	0	0	56	68	16	87	0	33	22	0	0	0	65	4	0	100	0	97	50	0	0	3	50	0	0	0	25	25	0	51	0	29
304	73	41	66	0	0	15	0	47	8	8	0	52	65	42	78	5	40	29	0	0	66	58	0	0	100	0	67	50	0	0	22	0	0	0	0	23	34	0	50	0	29
305	64	31	25	0	0	0	16	82	0	0	0	52	49	19	67	0	26	19	0	0	0	67	0	0	100	0	67	49	0	0	2	0	25	0	0	22	25	0	42	0	11
306	67	33	33	0	0	0	22	82	0	0	0	52	53	19	70	0	34	17	0	0	0	68	0	0	100	0	70	51	0	0	3	0	33	0	0	23	28	0	45	0	14
307	65	32	33	0	0	0	22	82	0	0	0	52	53	19	69	0	34	17	0	0	0	68	0	0	100	0	70	51	0	0	3	0	33	0	0	22	28	0	45	0	14
308	69	35	41	0	0	0	27	82	0	0	0	52	57	18	72	0	42	16	0	0	0	69	0	0	100	0	73	50	0	0	2	0	41	0	0	23	30	0	47	0	18
309	67	21	25	0	2	0	33	79	0	25	4	52	62	21	77	20	30	23	0	33	0	57	1	0	100	0	73	50	0	29	17	0	50	11	0	21	31	12	47	0	11
312	69	20	33	0	5	0	44	73	0	0	9	52	63	16	78	0	20	25	0	0	0	60	1	0	100	0	75	50	0	0	15	0	50	22	57	22	23	25	48	0	14
326	58	25	8	0	0	0	11	78	4	0	0	52	43	28	65	0	8	23	0	0	0	60	0	0	100	0	65	51	0	0	7	0	0	0	0	17	16	0	36	0	3
327	73	27	33	0	0	0	33	87	0	25	0	35	60	17	78	20	50	16	0	0	0	58	2	0	100	0	82	50	0	31	4	0	33	0	0	23	38	0	47	50	14
328	61	27	16	0	0	0	11	76	4	0	0	52	45	26	65	0	15	22	0	0	0	62	0	0	100	0	65	49	0	0	5	0	8	0	0	19	20	0	39	0	7
332	56	28	8	0	2	0	11	70	0	0	4	52	39	19	63	0	13	27	0	0	0	57	0	0	100	0	62	52	0	0	4	0	16	11	28	19	22	12	36	0	3
334	61	28	8	0	2	0	11	67	4	16	4	52	47	28	68	10	24	28	0	33	0	51	0	0	100	0	67	50	0	28	8	0	8	11	0	18	35	12	39	0	3
335	66	32	25	33	8	0	22	61	0	0	9	52	52	25	70	0	26	30	50	0	0	58	0	0	100	0	71	50	0	0	4	0	33	16	42	21	27	25	43	0	11
339	65	34	8	0	2	0	16	65	0	25	4	52	47	25	70	15	34	29	0	33	0	48	0	0	100	0	70	50	0	28	6	0	25	11	14	20	43	12	40	0	3
341	61	29	8	0	5	0	11	88	0	0	4	52	43	26	65	0	16	21	0	0	0	64	0	0	100	0	65	49	0	0	5	0	8	5	0	19	27	12	37	0	3
345	78	16	25	0	0	0	11	79	0	0	0	52	56	14	76	0	9	17	0	0	0	75	1	0	100	0	75	50	0	0	11	0	16	0	0	27	15	0	47	0	7
356	57	31	16	0	0	0	0	74	0	0	2	52	44	19	63	0	25	25	0	0	0	62	0	0	100	0	63	52	0	0	3	0	0	11	0	20	25	12	39	0	7
357	58	26	16	0	0	0	0	54	0	8	0	57	43	20	66	5	26	26	0	0	0	60	0	0	100	0	68	52	0	14	3	0	0	11	0	21	30	12	39	0	3
381	57	29	16	0	0	0	11	82	0	0	0	52	43	19	63	0	19	20	0	0	0	66	0	0	100	0	63	52	0	0	3	0	16	0	0	20	22	0	39	0	7
382	56	28	16	0	0	0	11	82	0	0	0	52	43	19	63	0	19	20	0	0	0	65	0	0	100	0	62	52	0	0	4	0	16	0	0	20	22	0	39	0	7
383	60	29	16	0	0	0	11	82	0	0	0	52	43	19	64	0	19	20	0	0	0	65	0	0	100	0	64	52	0	0	2	0	16	0	0	20	22	0	39	0	7
385	62	29	16	0	0	0	16	76	4	0	0	52	45	19	67	0	15	22	0	0	0	64	0	0	100	0	67	49	0	0	3	0	16	0	0	20	20	0	40	0	7
386	64	30	16	0	0	0	16	76	4	0	0	52	45	19	67	0	15	22	0	0	0	64	0	0	100	0	67	49	0	0	2	0	16	0	0	20	20	0	40	0	7
389	62	30	16	0	2	0	16	70	0	0	4	52	45	19	67	0	20	26	0	0	0	60	0	0	100	0	67	49	0	0	3	0	25	11	28	20	25	12	40	0	7
390	62	30	16	0	2	0	16	70	0	0	4	52	45	19	67	0	20	26	0	0	0	60	0	0	100	0	67	49	0	0	3	0	25	11	28	20	25	12	40	0	7
393	65	33	8	0	5	0	16	61	0	16	9	52	47	25	70	10	28	32	0	33	0	49	0	0	100	0	70	50	0	28	6	0	25	22	28	20	39	25	40	0	3
394	69	37	8	0	8	0	22	54	0	33	13	52	53	26	74	20	40	36	0	66	0	45	0	0	100	0	74	50	0	58	7	0	33	33	28	21	49	37	43	0	3
395	65	33	8	0	2	0	11	70	0	16	4	52	45	26	68	10	29	27	0	33	0	52	0	0	100	0	68	51	0	28	6	0	16	11	0	20	38	12	39	0	3
399	64	32	8	0	2	0	16	67	4	16	4	52	47	25	70	10	24	28	0	33	0	53	0	0	100	0	69	50	0	28	7	0	16	11	0	20	35	12	40	0	3
400	75	35	8	0	2	7	16	67	4	16	6	52	53	26	76	10	49	45	0	33	33	36	0	0	100	0	75	50	0	28	7	0	16	11	0	20	58	12	42	0	14
401	66	35	8	0	5	0	16	61	0	33	9	52	51	27	72	20	42	32	0	66	0	47	0	0	100	0	71	50	0	57	8	0	25	22	0	20	49	25	43	0	3
402	64	32	16	0	2	0	16	70	0	16	4	52	50	25	70	10	35	26	0	33	0	55	0	0	100	0	69	50	0	28	7	0	25	11	0	21	39	12	42	0	7
403	65	33	16	0	2	0	16	70	0	16	4	52	50	25	70	10	35	26	0	33	0	56	0	0	100	0	70	50	0	28	6	0	25	11	0	21	39	12	42	0	7
426	60	30	8	0	0	0	11	76	0	8	0	52	40	19	64	5	18	24	0	0	0	55	0	0	100	0	64	52	0	0	2	0	16	0	14	19	27	0	36	0	3
427	57	29	8	0	0	0	11	76	0	8	0	52	40	19	63	5	18	24	0	0	0	56	0	0	100	0	63	52	0	0	3	0	16	0	14	19	27	0	36	0	3
431	58	21	16	0	0	0	11	74	0	16	0	52	73	51	67	12	18	21	0	0	0	70	0	0	100	0	64	50	0	0	22	0	16	0	0	100	19	0	95	0	7
432	62	29	8	0	0	0	16	72	4	8	0	52	42	19	67	5	15	25	0	0	0	55	0	0	100	0	67	49	0	0	3	0	16	0	14	19	25	0	37	0	3
433	62	30	16	0	0	0	16	76	0	8	0	52	46	19	67	5	25	22	0	0	0	58	0	0	100	0	67	49	0	0	3	0	25	0	14	20	30	0	40	0	7
435	64	31	16	0	0	0	16	76	0	8	0	52	46	19	67	5	25	22	0	0	0	58	0	0	100	0	67	49	0	0	2	0	25	0	14	21	30	0	40	0	7
436	64	31	16	0	0	0	16	76	0	8	0	52	46	19	67	5	25	22	0	0	0	58	0	0	100	0	67	49	0	0	2	0	25	0	14	20	30	0	40	0	7
437	62	30	16	0	0	0	16	76	0	8	0	52	46	19	67	5	25	22	0	0	0	58	0	0	100	0	67	49	0	0	3	0	25	0	14	21	30	0	40	0	7
438	60	30	16	0	0	0	16	76	0	8	0	52	46	19	66	5	25	22	0	0	0	59	0	0	100	0	66	49	0	0	2	0	25	0	14	20	30	0	40	0	7
439	68	35	16	0	2	0	22	65	0	25	4	52	52	25	72	15	40	28	0	33	0	51	0	0	100	0	72	50	0	28	6	0	33	11	14	21	44	12	43	0	7
443	72	37	33	0	11	0	33	94	0	0	9	52	59	26	75	0	40	17	0	0	0	69	0	0	100	0	77	50	0	0	4	0	33	11	0	23	37	25	47	0	14
444	63	27	16	0	11	0	16	59	0	16	9	48	54	40	73	5	22	31	0	0	0	49	0	0	100	0	69	50	0	15	16	0	25	16	14	21	27	25	42	0	7
445	75	15	41	0	19	0	50	72	0	41	13	46	74	18	85	30	27	24	0	0	0	55	2	0	100	0	76	50	0	50	28	0	75	22	42	29	31	25	54	0	14
453	53	16	8	0	0	0	0	54	0	0	0	52	34	17	59	0	6	31	0	0	0	47	0	0	100	0	59	47	0	0	3	0	0	0	0	16	8	0	31	0	3
455	75	30	50	0	0	0	33	57	12	8	0	52	80	48	81	12	11	27	0	0	0	67	0	0	100	0	78	50	0	0	15	0	50	0	0	95	15	0	93	0	18
459	73	33	41	0	0	0	22	58	0	33	0	52	64	41	79	27	29	26	0	0	0	55	0	0	100	0	74	50	0	16	15	0	25	0	0	25	30	0	50	0	14
464	65	19	16	0	0	0	33	79	0	16	0	52	57	16	75	15	18	23	0	0	0	56	1	0	100	0	72	50	0	0	14	0	33	0	28	19	25	0	44	0	7
465	71	23	50	0	0	0	55	79	0	16	0	52	68	16	80	15	31	20	0	0	0	60	1	0	100	0	77	50	0	0	15	0	66	0	28	22	30	0	50	0	22
466	64	17	16	0	5	0	33	73	0	0	9	52	57	16	75	0	13	26	0	0	0	58	1	0	100	0	71	50	0	0	16	0	33	22	57	20	19	25	44	0	7
471	81	22	16	0	0	7	22	75	4	25	0	45	61	29	80	22	17	24	0	0	0	53	1	0	100	0	79	50	0	17	10	0	16	0	14	19	25	0	45	0	7
477	70	27	16	0	0	0	27	86	0	8	0	52	53	17	74	7	19	19	0	0	0	60	2	0	100	0	76	50	0	0	3	0	25	0	14	22	23	0	43	0	7
501	66	18	16	0	0	0	16	85	0	0	0	52	55	14	73	0	11	20	0	0	0	62	1	0	100	0	71	50	0	0	13	0	8	0	0	19	16	0	42	0	7
512	63	27	16	0	0	0	16	69	0	25	0	42	52	37	70	5	29	26	0	0	0	49	0	0	100	0	68	50	0	14	13	0	25	0	14	20	34	0	42	0	7
515	63	27	16	0	8	0	16	61	0	8	11	50	53	36	72	7	19	30	0	0	0	53	0	0	100	0	69	50	0	15	14	0	25	11	14	21	25	25	42	0	7
516	63	18	16	33	16	0	22	76	0	0	18	52	56	13	73	0	14	25	50	0	0	58	1	0	100	0	69	50	0	0	18	0	33	33	28	19	17	25	43	0	7
520	75	19	8	66	30	7	38	70	16	8	27	52	61	20	82	7	12	28	0	0	0	56	2	0	100	33	80	50	0	0	14	0	25	55	14	21	17	37	45	0	3
525	67	18	16	33	22	0	33	70	0	16	36	52	68	38	80	10	21	29	0	33	0	54	1	0	100	0	73	50	0	30	28	0	50	77	0	21	29	75	48	0	7
526	66	21	8	33	33	0	33	61	12	58	34	41	72	43	83	20	20	32	0	33	0	45	1	0	100	0	74	50	0	79	25	0	50	83	14	20	29	62	48	0	3
532	51	26	25	0	0	0	0	44	8	0	0	52	42	32	55	0	25	32	0	0	0	53	0	0	100	0	50	40	0	0	7	0	0	0	0	18	30	0	38	0	11
553	72	34	16	0	0	0	0	50	12	0	0	52	56	60	73	0	1	31	0	0	0	56	0	0	100	0	67	50	0	0	17	0	0	0	0	23	4	0	41	0	3
561	75	35	16	0	5	0	22	54	4	25	4	52	52	24	76	15	25	29	0	0	0	50	0	0	100	0	75	50	0	30	7	0	25	11	42	29	39	12	48	0	3
565	81	13	16	0	0	0	16	84	0	0	0	52	60	9	79	0	5	17	0	0	0	72	2	0	100	0	80	50	0	0	8	0	25	0	0	25	12	0	46	0	3
571	74	14	33	0	0	0	66	87	0	58	0	1	75	20	87	45	29	19	0	0	0	55	4	0	100	0	81	50	0	69	26	0	33	0	28	22	33	0	52	50	14
572	88	26	50	0	0	23	0	64	0	33	0	15	66	23	86	20	44	25	0	0	0	53	2	0	100	0	96	50	0	31	3	50	0	0	28	25	43	0	50	0	22
575	76	25	33	0	5	0	44	58	0	50	9	52	68	22	85	30	31	27	0	0	0	51	1	0	100	0	79	50	0	63	15	0	50	22	85	29	42	25	55	0	7
588	67	12	16	33	44	0	38	69	8	41	31	41	75	34	85	12	17	27	0	0	0	53	3	0	100	0	76	50	0	50	22	0	33	72	14	24	22	62	51	0	3
589	67	9	16	66	38	0	44	75	8	33	45	30	78	17	86	15	17	27	0	0	0	54	2	0	100	0	74	50	0	69	44	0	50	100	28	20	24	75	51	0	7
591	73	27	33	0	5	0	33	82	0	16	4	40	60	17	78	15	44	20	0	0	0	60	2	0	100	0	82	50	0	31	4	0	33	11	14	23	37	12	47	0	14
592	65	19	8	0	0	0	11	77	0	8	0	52	44	14	68	5	15	23	0	0	0	52	1	0	100	0	74	50	0	0	6	0	8	0	0	19	16	0	38	0	3
596	42	22	16	0	0	0	0	50	8	0	0	52	44	51	55	0	7	32	0	0	0	48	0	0	100	0	49	49	0	0	21	0	0	0	0	15	12	0	36	0	7
597	70	34	33	0	0	7	0	44	8	0	0	52	47	30	67	0	33	30	0	0	0	56	0	0	100	0	61	56	0	0	6	0	0	0	0	21	34	0	42	0	14
626	78	21	25	0	0	0	22	79	0	16	0	52	60	16	78	20	21	19	0	0	0	62	1	0	100	0	76	50	0	34	13	0	33	0	0	29	28	0	50	0	7
627	69	33	25	0	0	0	22	76	0	16	0	40	54	25	72	10	36	21	0	0	0	57	0	0	100	0	73	50	0	14	5	0	25	0	14	22	38	0	44	0	11
637	57	28	8	0	2	0	11	70	0	0	4	52	39	19	63	0	13	27	0	0	0	58	0	0	100	0	63	52	0	0	3	0	16	11	28	19	22	12	36	0	3
638	60	29	8	0	2	0	11	70	0	0	4	52	39	19	64	0	13	27	0	0	0	57	0	0	100	0	64	52	0	0	2	0	16	11	28	19	22	12	36	0	3
650	63	26	8	0	0	0	16	67	4	25	0	42	49	37	70	7	21	27	0	0	0	47	0	0	100	0	68	50	0	14	13	0	16	0	14	19	31	0	39	0	3
653	72	37	33	0	16	0	33	94	0	0	9	52	59	26	75	0	40	17	0	0	0	68	0	0	100	0	77	50	0	0	3	0	33	11	0	23	37	25	47	0	14
667	71	37	41	0	0	0	33	76	0	8	0	52	58	17	74	5	46	19	0	0	0	62	0	0	100	0	76	50	0	0	2	0	50	0	14	24	36	0	47	0	18
675	88	10	100	0	0	46	0	70	0	0	0	60	79	15	94	0	28	22	0	0	0	64	10	0	100	0	97	50	0	0	10	100	0	0	0	25	23	0	56	0	44
680	74	19	8	0	0	0	27	96	0	16	0	49	56	15	78	20	18	17	0	0	0	59	4	0	100	0	81	50	0	34	5	0	8	0	0	21	25	0	43	0	3
685	66	20	16	0	5	0	33	76	0	0	9	52	56	16	75	0	14	25	0	0	0	59	1	0	100	0	73	50	0	0	11	0	33	22	57	20	21	25	44	0	7
695	53	29	8	0	0	0	0	74	0	0	2	52	37	17	59	0	17	26	0	0	0	59	0	0	100	0	59	46	0	0	3	0	0	11	0	18	21	12	35	0	3
704	67	9	16	66	38	0	55	73	16	33	50	31	78	17	87	15	16	27	0	0	0	55	2	0	100	0	74	50	0	70	46	0	50	100	28	20	23	75	52	0	7
706	73	23	16	33	16	7	22	61	20	25	18	49	62	27	82	20	17	30	0	0	0	51	1	0	100	0	79	50	0	16	15	0	33	33	0	21	22	25	45	0	7
707	73	33	41	0	0	0	0	51	8	25	2	52	63	42	78	20	24	27	0	0	0	58	0	0	100	0	74	50	0	0	14	0	16	11	0	28	24	12	51	0	11
709	62	29	8	0	11	0	0	46	8	0	25	52	48	35	69	0	16	39	0	0	0	44	0	0	100	0	69	50	0	0	10	0	0	11	28	19	19	62	38	0	3
710	62	29	8	0	16	0	0	47	12	0	25	52	50	35	71	0	14	39	0	0	0	46	0	0	100	0	69	50	0	0	11	0	0	16	28	19	18	62	39	0	3
715	63	16	25	0	16	0	27	76	0	8	13	48	61	15	76	5	21	25	0	0	0	58	1	0	100	0	69	50	0	16	22	0	41	22	28	21	24	25	46	0	11
722	38	19	16	0	0	0	0	47	8	0	0	52	37	35	47	0	13	33	0	0	0	50	0	0	100	0	43	40	0	0	11	0	0	0	0	15	20	0	34	0	7
728	65	52	50	0	0	0	0	65	0	0	0	47	57	30	68	0	57	19	0	0	0	68	0	0	100	0	65	49	0	0	10	0	0	0	0	23	38	0	47	0	22
748	53	35	8	0	0	0	0	47	8	16	0	45	36	30	59	2	22	34	0	0	0	42	0	0	100	0	53	57	0	13	9	0	0	0	0	18	37	0	34	0	3
761	81	43	25	0	0	15	0	43	12	8	0	52	46	18	75	0	25	33	0	0	33	51	0	0	100	0	70	46	0	0	5	0	0	0	14	23	37	0	41	0	11
772	65	29	8	0	0	0	11	76	0	16	0	42	44	26	68	10	24	23	0	0	0	52	0	0	100	0	68	51	0	14	6	0	8	0	14	19	35	0	38	0	3
777	63	26	16	0	2	0	16	67	4	8	6	52	52	37	71	5	18	27	0	0	0	54	0	0	100	0	69	50	0	15	12	0	25	16	14	21	26	12	42	0	7
783	67	34	16	0	2	0	16	70	0	16	4	52	50	25	70	10	35	26	0	33	0	55	0	0	100	0	70	50	0	28	6	0	25	11	0	21	39	12	42	0	7
784	65	33	16	0	2	0	16	70	0	16	4	52	50	25	70	10	35	26	0	33	0	55	0	0	100	0	70	50	0	28	6	0	25	11	0	21	39	12	42	0	7
790	62	30	16	0	0	0	16	76	0	8	0	52	46	19	67	5	25	22	0	0	0	58	0	0	100	0	67	49	0	0	3	0	25	0	14	20	30	0	40	0	7
791	67	29	8	0	8	0	22	61	4	33	6	46	56	41	75	17	20	30	0	0	0	47	0	0	100	0	73	50	0	31	16	0	33	16	14	20	28	12	42	0	3
792	69	35	33	0	0	0	27	76	0	8	0	52	54	18	72	5	39	20	0	0	0	61	0	0	100	0	73	50	0	0	2	0	41	0	14	23	34	0	45	0	14
793	72	20	41	0	0	0	33	61	4	16	0	48	68	65	78	12	15	28	0	0	0	53	0	0	100	0	77	50	0	16	38	0	50	0	0	24	21	0	49	0	18
794	61	29	8	0	0	0	11	82	0	8	0	52	42	26	65	5	18	21	0	0	0	58	0	0	100	0	65	49	0	14	5	0	8	0	0	19	28	0	37	0	3
804	60	24	25	0	0	0	5	70	0	0	0	52	48	26	64	0	15	19	0	0	0	71	0	0	100	0	64	49	0	0	7	0	8	0	0	26	19	0	44	0	7
811	76	21	33	0	0	0	22	69	4	16	0	52	63	24	79	20	15	21	0	0	0	63	1	0	100	0	75	50	0	0	15	0	33	0	0	29	18	0	51	0	7
836	76	28	83	0	0	0	66	89	0	0	0	52	73	16	82	0	46	13	0	0	0	70	1	0	100	0	82	50	0	0	11	0	83	0	0	24	30	0	54	0	37
849	60	25	16	0	0	0	5	76	4	0	0	52	45	26	64	0	15	22	0	0	0	60	0	0	100	0	64	49	0	0	7	0	0	0	0	20	20	0	39	0	7
887	41	21	8	0	0	0	0	50	8	0	0	52	38	50	54	0	4	33	0	0	0	46	0	0	100	0	48	52	0	0	18	0	0	0	0	15	8	0	30	0	3
910	88	12	50	0	0	23	0	73	0	8	0	59	66	16	88	7	27	22	0	0	0	60	10	0	100	0	100	50	0	0	3	75	0	0	0	25	20	0	50	0	22
911	76	20	41	0	0	7	22	82	4	0	0	52	64	21	79	0	20	20	0	0	33	65	1	0	100	0	76	50	0	0	11	0	16	0	0	23	21	0	48	0	18
913	77	19	8	66	30	15	38	67	25	8	27	52	63	22	85	7	10	29	0	0	0	55	2	0	100	33	81	50	0	0	13	0	25	55	14	21	16	37	46	0	3
914	88	19	58	0	0	23	0	74	0	0	0	56	66	17	86	0	32	20	0	0	0	66	4	0	100	0	96	50	0	0	2	50	0	0	0	25	25	0	50	0	25
915	71	25	50	0	0	0	0	54	0	0	0	52	59	17	74	0	31	27	0	0	0	62	0	0	100	0	76	50	0	0	2	0	0	0	0	21	28	0	46	0	22
920	64	32	8	0	5	0	16	61	0	16	9	52	47	25	70	10	28	32	0	33	0	50	0	0	100	0	69	50	0	28	7	0	25	22	28	20	39	25	40	0	3
922	63	30	8	0	0	0	16	65	0	16	0	52	45	28	68	10	17	28	0	0	0	49	0	0	100	0	68	50	0	0	6	0	25	0	0	19	20	0	38	0	3
934	55	22	8	0	0	0	5	73	4	0	0	52	41	31	61	0	8	25	0	0	0	57	0	0	100	0	61	49	0	0	9	0	0	0	0	16	14	0	35	0	3
935	60	28	8	0	0	0	11	76	4	0	0	52	39	19	64	0	9	23	0	0	0	62	0	0	100	0	64	52	0	0	2	0	8	0	0	19	16	0	36	0	3
936	56	27	8	0	0	0	11	76	4	0	0	52	39	19	63	0	9	23	0	0	0	62	0	0	100	0	62	52	0	0	4	0	8	0	0	19	16	0	36	0	3
937	61	26	8	0	0	0	11	78	4	0	0	63	44	26	67	0	8	23	0	0	0	62	0	0	100	0	66	51	0	0	7	0	8	0	0	19	17	0	37	0	3
939	62	30	16	0	2	0	16	70	0	0	4	52	45	19	67	0	20	26	0	0	0	60	0	0	100	0	67	49	0	0	3	0	25	11	28	21	25	12	40	0	7
940	66	32	25	0	2	0	22	70	0	0	4	52	50	19	69	0	26	25	0	0	0	62	0	0	100	0	70	51	0	0	3	0	33	11	28	21	28	12	43	0	11
944	62	29	8	0	0	0	16	72	4	8	0	52	42	19	67	7	15	25	0	0	0	55	0	0	100	0	67	49	0	0	3	0	16	0	14	19	25	0	37	0	3
945	65	32	25	0	0	0	22	76	0	8	0	52	50	19	69	5	32	21	0	0	0	60	0	0	100	0	70	51	0	0	3	0	33	0	14	21	32	0	43	0	11
955	66	25	8	0	0	0	16	91	0	0	0	52	46	14	70	0	9	18	0	0	0	65	2	0	100	0	72	50	0	0	3	0	8	0	0	20	14	0	39	0	3
958	73	18	8	0	0	0	27	96	0	16	0	50	56	15	78	20	18	17	0	0	0	59	4	0	100	0	81	50	0	34	5	0	8	0	0	20	25	0	43	0	3
962	65	21	25	0	0	0	33	82	0	16	0	52	59	16	75	15	24	21	0	0	0	58	1	0	100	0	72	50	0	0	15	0	50	0	14	20	25	0	46	0	11
963	56	34	16	0	0	0	0	47	16	8	0	52	43	40	62	0	14	34	0	0	0	44	0	0	100	0	57	52	0	0	12	0	0	0	0	16	20	0	36	0	7
969	48	23	16	0	0	0	0	44	8	0	0	52	35	21	52	0	16	33	0	0	0	53	0	0	100	0	45	66	0	0	6	0	0	0	0	17	26	0	35	0	7
973	81	17	8	0	0	7	16	89	0	0	0	52	59	9	79	0	7	19	0	0	0	61	2	0	100	0	80	50	0	0	8	0	0	0	0	20	12	0	43	0	3
983	75	24	25	33	8	0	22	60	4	33	11	55	62	21	81	20	30	28	0	0	0	52	1	0	100	0	78	50	0	47	12	0	33	44	14	29	37	25	51	0	7
990	35	24	16	0	0	0	0	54	4	0	0	52	35	33	43	0	21	29	0	0	0	56	0	0	100	0	39	68	0	0	9	0	0	0	0	17	29	0	35	0	7
995	74	60	58	0	0	0	0	42	25	33	0	52	67	46	77	22	27	32	0	0	0	46	0	0	100	0	72	50	0	17	12	0	0	0	0	25	30	0	50	0	22
996	68	19	8	0	0	7	0	50	8	8	0	52	33	30	66	0	16	33	0	0	0	39	0	0	100	0	74	56	0	0	5	12	0	0	0	16	19	0	33	0	3
1004	64	20	16	0	2	0	27	79	0	25	4	52	59	21	76	20	26	23	0	33	0	55	1	0	100	0	71	50	0	29	17	0	41	11	0	20	30	12	45	0	7
1007	56	28	8	0	0	0	11	76	0	8	0	52	40	19	63	5	18	24	0	0	0	55	0	0	100	0	62	52	0	0	4	0	16	0	14	19	27	0	36	0	3
1027	51	28	16	0	0	0	0	54	4	0	0	52	38	32	55	0	16	30	0	0	0	57	0	0	100	0	50	40	0	0	7	0	0	0	0	17	27	0	35	0	7
1044	62	30	8	0	0	0	16	72	4	8	0	52	42	19	67	5	15	25	0	0	0	55	0	0	100	0	67	49	0	0	3	0	16	0	14	19	25	0	37	0	3
1054	68	22	16	0	0	0	22	89	0	0	0	52	54	14	72	0	12	18	0	0	0	64	1	0	100	0	73	50	0	0	9	0	16	0	0	20	16	0	43	0	7
