120
6	0	0	0	2	14	20	20	15	7	1	0	0	0	0	0	0	0	0	0	10	15	11	13	18	20	15	3	0	0	0	0	0	0	0	0	0	0	0	0	0	9	18	17	0	0	0	0	0	0	0	0	0	0	0	0	0	0	5	20	7	0	0	0	0	0	0	0	0	0	0	0	0	0	3	20	8	0	0	0	0	0	0	0	0	0	0	0	0	2	15	19	2	0	0	0	0	0	0	0	0	0	0	3	12	19	20	10	0	0	0	0	0	0	0	0	0	3	14	20	20	20	20	20	15	2	0	0	0	0	0	0	0	7	19	17	10	6	6	7	18	12	0	0	0	0	0	0	0	0	0	0	0	0	0	0	11	19	0	0	0	0	0	0	0	0	0	0	0	0	0	0	12	17	0	0	0	0	0	0	1	0	0	0	0	0	0	0	17	13	0	0	0	0	0	0	17	0	0	0	0	0	0	10	20	5	0	0	0	0	0	0	19	7	0	0	0	1	11	20	12	0	0	0	0	0	0	0	11	20	13	10	14	19	20	11	0	0	0	0	0	0	0	0	0	8	16	20	17	13	5	0	0	0	0	0	0
35	0	0	0	0	3	15	16	18	10	7	1	0	0	0	0	0	0	0	0	0	1	9	10	8	10	14	17	3	0	0	0	0	0	0	0	0	0	0	0	0	0	0	6	17	1	0	0	0	0	0	0	0	0	0	0	0	0	0	2	20	2	0	0	0	0	0	0	0	0	0	2	0	1	4	14	17	0	0	0	0	0	0	0	0	0	6	20	18	19	20	12	1	0	0	0	0	0	0	0	0	0	0	5	11	16	17	3	0	0	0	0	0	0	0	0	0	0	0	0	0	0	11	15	0	0	0	0	0	0	0	0	0	0	0	0	0	0	0	16	6	0	0	0	0	0	0	0	0	0	0	0	0	0	0	6	17	0	0	0	0	0	0	0	0	0	0	0	0	0	0	0	19	6	0	0	0	0	0	0	0	0	0	0	0	0	0	0	15	11	0	0	0	0	0	0	0	0	0	0	0	0	0	0	15	8	0	0	0	0	0	0	8	9	0	0	0	0	0	4	19	3	0	0	0	0	0	0	2	15	14	8	6	7	14	19	8	0	0	0	0	0	0	0	0	0	7	15	20	20	17	5	0	0	0	0	0
45	0	0	0	0	13	15	17	20	18	14	6	0	0	0	0	0	0	0	0	0	8	14	18	18	18	19	20	14	0	0	0	0	0	0	0	0	0	0	0	0	0	2	15	20	5	0	0	0	0	0	0	0	0	0	0	0	0	4	18	20	4	0	0	0	0	0	0	0	0	0	0	0	7	19	20	8	0	0	0	0	0	0	0	3	8	10	12	17	20	18	8	0	0	0	0	0	0	0	0	18	20	20	20	20	20	18	7	0	0	0	0	0	0	0	0	5	13	10	8	6	8	17	20	9	0	0	0	0	0	0	0	0	0	0	0	0	0	1	13	20	5	0	0	0	0	0	0	0	0	0	0	0	0	0	4	20	13	0	0	0	0	0	0	0	0	0	0	0	0	0	0	16	17	0	0	0	0	0	0	0	0	0	0	0	0	0	0	17	19	0	0	0	0	0	0	2	13	2	0	0	0	0	7	20	16	0	0	0	0	0	0	14	20	8	3	3	2	8	19	20	7	0	0	0	0	0	0	7	20	20	20	20	19	20	20	13	0	0	0	0	0	0	0	0	4	10	16	20	20	15	6	0	0	0	0	0
263	0	0	5	15	18	20	20	20	15	13	5	0	0	0	0	0	0	0	8	20	20	18	17	19	20	20	20	17	2	0	0	0	0	0	0	4	9	7	0	1	2	4	12	20	17	2	0	0	0	0	0	0	0	0	0	0	0	0	9	20	19	1	0	0	0	0	0	0	0	0	0	0	1	12	20	20	14	0	0	0	0	0	0	0	0	0	3	12	19	20	20	14	2	0	0	0	0	0	0	0	0	0	11	20	20	20	14	1	0	0	0	0	0	0	0	0	0	0	1	10	16	19	20	11	1	0	0	0	0	0	0	0	0	0	0	0	0	1	8	18	17	3	0	0	0	0	0	0	0	0	0	0	0	0	0	4	20	14	0	0	0	0	3	6	0	0	0	0	0	0	0	1	19	20	2	0	0	0	13	12	0	0	0	0	0	0	0	5	20	20	2	0	0	2	19	12	0	0	0	0	0	0	10	19	20	14	0	0	0	0	19	16	1	0	1	4	11	15	20	20	19	5	0	0	0	0	9	20	19	17	18	20	20	20	19	13	4	0	0	0	0	0	0	3	10	16	19	15	14	7	2	0	0	0	0	0
552	0	0	0	2	14	20	20	20	20	20	17	3	0	0	0	0	0	0	0	12	20	20	20	20	20	20	20	14	0	0	0	0	0	0	0	3	13	13	8	6	6	12	20	19	0	0	0	0	0	0	0	0	0	0	0	0	3	19	20	17	1	0	0	0	0	0	0	0	0	0	0	1	16	20	20	5	0	0	0	0	0	0	0	0	0	0	2	12	20	19	8	0	0	0	0	0	0	0	0	0	0	7	18	20	20	19	8	2	0	0	0	0	0	0	0	0	0	15	20	20	20	20	20	18	5	0	0	0	0	0	0	0	0	4	8	8	8	8	15	19	20	4	0	0	0	0	0	0	0	0	0	0	0	0	0	11	20	15	0	0	0	0	2	5	0	0	0	0	0	0	0	6	20	17	0	0	0	0	15	15	0	0	0	0	0	0	0	13	20	13	0	0	0	0	17	17	0	0	0	0	0	4	14	20	20	5	0	0	0	0	9	20	12	6	6	6	11	18	20	19	9	0	0	0	0	0	0	5	19	20	20	20	20	19	16	6	0	0	0	0	0	0	0	0	3	12	18	12	11	4	0	0	0	0	0	0
567	0	0	0	0	0	0	0	3	9	16	13	0	0	0	0	0	0	0	0	0	0	1	7	19	20	20	6	0	0	0	0	0	0	0	0	3	16	20	20	20	17	19	15	0	0	0	0	0	0	0	0	9	20	18	8	2	0	12	20	2	0	0	0	0	0	0	0	0	4	0	0	0	1	18	18	1	0	0	0	0	0	0	0	0	0	0	0	2	15	20	5	0	0	0	0	0	0	0	0	0	0	1	10	18	20	13	0	0	0	0	0	0	0	0	0	0	7	20	20	20	20	20	10	0	0	0	0	0	0	0	0	0	18	20	16	9	8	13	20	15	0	0	0	0	0	0	0	0	2	2	0	0	0	0	11	20	5	0	0	0	0	0	0	0	0	0	0	0	0	0	4	20	9	0	0	0	0	0	0	0	0	0	0	0	0	0	7	20	9	0	0	0	0	0	0	0	7	11	6	0	0	0	12	20	7	0	0	0	0	0	0	2	19	20	17	0	1	8	20	17	2	0	0	0	0	0	0	3	18	20	20	19	19	20	18	2	0	0	0	0	0	0	0	0	2	14	20	20	16	9	3	0	0	0	0	0
589	0	0	0	2	16	20	20	20	15	5	0	0	0	0	0	0	0	0	0	3	19	20	20	20	20	20	12	0	0	0	0	0	0	0	0	0	2	3	3	7	14	20	20	9	0	0	0	0	0	0	0	0	0	0	0	0	0	11	20	20	1	0	0	0	0	0	0	0	0	0	0	0	0	7	20	20	3	0	0	0	0	0	0	0	0	0	0	4	14	20	20	16	0	0	0	0	0	0	0	0	0	11	17	19	20	20	20	6	0	0	0	0	0	0	0	0	2	19	20	20	20	20	20	6	0	0	0	0	0	0	0	0	0	3	3	0	0	4	18	20	7	0	0	0	0	0	0	0	0	0	0	0	0	0	6	20	19	1	0	0	0	0	0	0	0	0	0	0	0	0	0	16	20	10	0	0	0	0	0	0	0	0	0	0	0	0	0	11	20	17	0	0	0	0	14	20	14	0	0	0	0	0	0	15	20	12	0	0	0	0	16	20	18	11	9	4	7	9	14	20	19	4	0	0	0	0	1	12	20	20	20	20	20	20	20	19	5	0	0	0	0	0	0	0	6	11	17	20	14	14	8	1	0	0	0	0
644	0	0	0	0	0	1	8	16	17	9	2	0	0	0	0	0	0	0	0	0	0	7	20	20	20	19	19	0	0	0	0	0	0	0	0	0	0	1	12	9	2	12	20	2	0	0	0	0	0	0	0	0	0	0	0	0	2	18	19	1	0	0	0	0	0	0	0	0	0	0	0	1	15	20	11	0	0	0	0	0	0	0	0	0	0	2	5	17	20	17	0	0	0	0	0	0	0	0	0	1	13	19	20	20	20	5	0	0	0	0	0	0	0	0	0	1	19	20	20	16	20	19	9	0	0	0	0	0	0	0	0	0	2	5	2	0	4	16	20	10	0	0	0	0	0	0	0	0	0	0	0	0	0	1	17	20	6	0	0	0	0	0	0	0	0	0	0	0	0	0	4	20	17	0	0	0	0	0	0	0	0	0	0	0	0	0	0	15	20	3	0	0	0	0	2	14	7	0	0	0	0	0	0	16	20	4	0	0	0	0	4	20	20	14	4	0	1	3	13	20	17	1	0	0	0	0	0	5	17	20	20	18	19	20	20	18	3	0	0	0	0	0	0	0	1	8	12	20	16	14	8	1	0	0	0	0
648	0	0	0	0	0	3	13	15	18	15	3	0	0	0	0	0	0	0	0	0	8	19	20	16	14	17	17	0	0	0	0	0	0	0	0	4	20	14	6	0	0	5	20	7	0	0	0	0	0	0	0	5	16	0	0	0	0	4	20	11	0	0	0	0	0	0	0	0	0	0	0	0	0	4	20	12	0	0	0	0	0	0	0	0	0	0	0	0	0	14	20	7	0	0	0	0	0	0	0	0	0	1	2	2	10	20	15	0	0	0	0	0	0	0	0	0	1	15	20	20	20	19	2	0	0	0	0	0	0	0	0	0	3	19	20	19	15	20	15	1	0	0	0	0	0	0	0	0	0	3	6	2	0	9	20	14	0	0	0	0	0	0	0	0	0	0	0	0	0	0	13	20	5	0	0	0	0	0	0	0	0	0	0	0	0	0	8	20	11	0	0	0	0	0	0	0	0	0	0	0	0	0	15	20	8	0	0	0	0	0	0	10	14	3	0	2	8	13	20	17	1	0	0	0	0	0	0	7	20	19	16	20	20	19	11	2	0	0	0	0	0	0	0	0	6	16	20	19	12	1	0	0	0	0	0	0
656	0	0	0	0	0	7	12	19	18	11	1	0	0	0	0	0	0	0	0	0	13	20	20	17	14	19	16	1	0	0	0	0	0	0	0	3	19	10	4	0	0	7	20	8	0	0	0	0	0	0	0	0	0	0	0	0	0	12	20	8	0	0	0	0	0	0	0	0	0	0	0	0	0	18	18	0	0	0	0	0	0	0	0	0	0	0	0	0	11	20	5	0	0	0	0	0	0	0	0	0	0	0	2	10	20	20	3	0	0	0	0	0	0	0	0	0	0	0	15	20	20	20	17	4	0	0	0	0	0	0	0	0	0	0	4	11	4	2	13	18	4	0	0	0	0	0	0	0	0	0	0	0	0	0	1	17	14	0	0	0	0	0	0	0	0	0	0	0	0	0	0	15	20	2	0	0	0	0	0	0	0	0	0	0	0	0	3	19	19	0	0	0	0	0	0	6	0	0	0	0	0	1	16	20	8	0	0	0	0	0	2	17	0	0	0	0	4	17	20	13	0	0	0	0	0	0	0	15	13	10	13	17	20	19	10	1	0	0	0	0	0	0	0	2	13	15	20	16	12	2	0	0	0	0	0	0
686	0	0	0	0	0	4	13	18	20	15	1	0	0	0	0	0	0	0	0	4	15	20	18	12	12	20	11	0	0	0	0	0	0	0	5	19	15	6	0	0	0	15	17	0	0	0	0	0	0	0	5	18	4	0	0	0	0	18	14	0	0	0	0	0	0	0	0	0	0	0	0	0	8	20	4	0	0	0	0	0	0	0	0	0	0	0	0	3	18	11	0	0	0	0	0	0	0	0	0	0	0	0	1	17	17	6	4	0	0	0	0	0	0	0	0	0	0	0	13	20	20	20	20	13	2	0	0	0	0	0	0	0	0	0	5	9	4	2	5	16	17	2	0	0	0	0	0	0	0	0	0	0	0	0	0	1	18	10	0	0	0	0	0	0	0	0	0	0	0	0	0	0	17	12	0	0	0	0	0	0	0	0	0	0	0	0	2	13	19	4	0	0	0	0	0	0	0	0	0	0	0	7	18	17	6	0	0	0	0	0	1	7	0	0	1	7	16	20	12	1	0	0	0	0	0	0	12	18	12	14	20	20	11	2	0	0	0	0	0	0	0	0	4	16	18	15	8	2	0	0	0	0	0	0	0	0
689	0	0	0	0	4	10	15	16	20	17	4	0	0	0	0	0	0	0	0	8	20	20	14	12	9	14	19	3	0	0	0	0	0	0	0	0	4	1	0	0	0	4	20	5	0	0	0	0	0	0	0	0	0	0	0	0	1	13	18	1	0	0	0	0	0	0	0	0	0	0	0	1	14	17	3	0	0	0	0	0	0	0	0	0	0	0	1	16	15	2	0	0	0	0	0	0	0	0	0	0	0	0	15	20	10	2	0	0	0	0	0	0	0	0	0	0	0	0	9	14	16	19	13	5	0	0	0	0	0	0	0	0	0	0	0	0	0	2	10	19	8	0	0	0	0	0	0	0	0	0	0	0	0	0	0	10	18	1	0	0	0	0	0	0	0	0	0	0	0	0	0	5	20	3	0	0	0	0	0	0	0	0	0	0	0	0	2	16	17	0	0	0	0	0	0	0	0	0	0	0	0	7	19	18	3	0	0	0	0	0	0	0	0	0	5	11	18	20	14	2	0	0	0	0	0	0	0	4	10	15	20	18	9	3	0	0	0	0	0	0	0	0	2	18	15	12	7	1	0	0	0	0	0	0	0	0
692	0	0	0	3	9	15	17	20	20	20	13	5	0	0	0	0	0	0	2	19	20	20	18	16	12	14	19	20	6	0	0	0	0	0	2	16	11	2	0	0	0	0	5	20	10	0	0	0	0	0	0	0	0	0	0	0	0	0	11	20	6	0	0	0	0	0	0	0	0	0	0	0	0	5	20	15	0	0	0	0	0	0	0	0	0	0	0	0	4	19	18	2	0	0	0	0	0	0	0	0	0	0	0	7	19	18	4	0	0	0	0	0	0	0	0	0	0	0	0	19	19	3	0	0	0	0	0	0	0	0	0	0	0	0	0	11	19	20	15	5	0	0	0	0	0	0	0	0	0	0	0	0	3	8	14	20	11	0	0	0	0	0	0	0	0	0	0	0	0	0	0	8	20	6	0	0	0	0	0	0	0	0	0	0	0	0	0	8	20	9	0	0	0	0	0	0	0	0	0	0	0	0	7	20	16	1	0	0	0	0	1	2	0	0	0	1	4	15	20	16	2	0	0	0	0	0	9	17	12	15	17	19	20	19	9	0	0	0	0	0	0	0	0	11	18	19	15	13	6	1	0	0	0	0	0	0
757	0	0	0	0	2	17	16	12	6	1	0	0	0	0	0	0	0	0	0	0	2	18	20	20	20	18	12	1	0	0	0	0	0	0	0	0	0	1	7	12	20	20	20	18	3	0	0	0	0	0	0	0	0	0	0	0	3	9	20	20	12	0	0	0	0	0	0	0	0	0	0	0	8	18	20	20	6	0	0	0	0	0	0	0	0	3	8	13	19	20	19	6	0	0	0	0	0	0	0	0	3	19	20	20	20	20	13	0	0	0	0	0	0	0	0	0	0	10	11	11	13	19	20	9	0	0	0	0	0	0	0	0	0	0	0	0	0	10	20	19	3	0	0	0	0	0	0	0	0	0	0	0	0	1	18	20	7	0	0	0	0	0	0	0	0	0	0	0	0	0	13	20	13	0	0	0	0	0	0	10	11	0	0	0	0	0	11	20	16	0	0	0	0	0	0	12	19	3	0	0	0	0	11	20	16	0	0	0	0	0	0	4	20	18	7	7	7	7	17	20	12	0	0	0	0	0	0	0	6	19	20	20	20	20	20	18	2	0	0	0	0	0	0	0	0	5	10	14	18	20	17	3	0	0	0	0
787	0	0	0	0	0	2	9	19	20	8	0	0	0	0	0	0	0	0	0	0	0	11	20	20	20	20	14	0	0	0	0	0	0	0	0	0	2	20	20	20	20	20	20	11	0	0	0	0	0	0	0	0	1	16	13	3	6	20	20	18	0	0	0	0	0	0	0	0	0	0	0	0	7	20	20	19	1	0	0	0	0	0	0	0	0	0	1	5	18	20	20	12	0	0	0	0	0	0	0	0	0	0	10	20	20	20	13	1	0	0	0	0	0	0	0	0	0	0	6	20	20	20	8	0	0	0	0	0	0	0	0	0	0	0	0	3	15	20	20	3	0	0	0	0	0	0	0	0	0	0	0	0	1	18	20	15	0	0	0	0	0	0	0	0	0	0	0	0	0	10	20	20	4	0	0	0	0	0	0	4	8	1	0	0	0	6	20	20	6	0	0	0	0	0	0	7	20	15	2	0	1	12	20	20	8	0	0	0	0	0	0	1	18	20	13	9	16	20	20	20	6	0	0	0	0	0	0	0	2	18	20	20	20	20	20	13	0	0	0	0	0	0	0	0	0	5	15	20	20	19	13	2	0	0	0	0
812	0	0	0	1	7	13	15	19	17	15	15	7	0	0	0	0	0	0	0	17	20	20	14	14	14	14	19	20	13	0	0	0	0	0	0	12	11	5	0	0	0	0	2	17	20	3	0	0	0	0	0	0	0	0	0	0	0	0	0	15	20	3	0	0	0	0	0	0	0	0	0	0	0	0	6	20	15	0	0	0	0	0	0	0	0	0	0	0	1	10	20	18	3	0	0	0	0	0	0	0	0	1	5	11	17	20	18	4	0	0	0	0	0	0	0	0	6	19	20	20	20	20	20	15	2	0	0	0	0	0	0	0	3	16	12	7	2	6	9	19	17	0	0	0	0	0	0	0	0	0	0	0	0	0	0	9	20	3	0	0	0	0	0	0	0	0	0	0	0	0	0	12	20	4	0	0	0	0	3	17	1	0	0	0	0	0	0	14	20	1	0	0	0	0	2	18	16	2	0	0	0	0	1	19	17	0	0	0	0	0	0	3	17	18	9	1	0	0	10	20	11	0	0	0	0	0	0	0	2	16	20	18	14	17	20	18	1	0	0	0	0	0	0	0	0	1	12	18	20	20	18	4	0	0	0	0
1020	0	0	0	0	0	4	6	16	15	7	6	0	0	0	0	0	0	0	0	2	16	20	20	20	20	20	20	13	1	0	0	0	0	0	0	9	20	20	20	20	20	20	20	20	17	2	0	0	0	0	0	0	11	12	5	1	1	3	14	20	20	3	0	0	0	0	0	0	0	0	0	0	4	18	20	20	13	0	0	0	0	0	0	0	0	0	4	15	19	20	20	12	0	0	0	0	0	0	0	0	1	10	19	20	20	20	12	0	0	0	0	0	0	0	0	0	5	20	20	20	20	20	19	6	0	0	0	0	0	0	0	0	0	8	10	8	8	17	20	19	4	0	0	0	0	0	0	0	0	0	0	0	0	0	19	20	15	0	0	0	0	0	0	0	0	0	0	0	0	0	13	20	19	1	0	0	0	0	0	0	0	0	0	0	0	0	11	20	19	1	0	0	0	0	0	11	6	0	0	0	0	4	19	20	16	0	0	0	0	0	3	20	20	15	11	8	11	20	20	20	4	0	0	0	0	0	0	4	16	20	20	20	20	20	20	10	0	0	0	0	0	0	0	0	0	5	11	17	20	17	5	0	0	0	0	0
1096	0	0	0	0	6	15	20	20	19	14	12	1	0	0	0	0	0	0	0	5	19	20	20	20	20	20	20	17	3	0	0	0	0	0	0	4	17	14	6	3	0	2	16	20	12	0	0	0	0	0	0	0	0	0	0	0	0	2	19	20	13	0	0	0	0	0	0	0	0	0	0	0	2	13	20	20	5	0	0	0	0	0	0	0	0	0	0	3	17	20	20	16	1	0	0	0	0	0	0	0	0	0	5	17	20	20	20	14	1	0	0	0	0	0	0	0	1	15	19	20	19	14	15	20	14	0	0	0	0	0	0	0	4	19	15	1	0	0	0	13	20	7	0	0	0	0	0	0	0	2	0	0	0	0	0	6	20	15	0	0	0	0	0	0	0	0	0	0	0	0	0	7	20	17	0	0	0	0	0	0	0	0	0	0	0	0	0	9	20	17	0	0	0	0	0	0	0	0	0	0	0	0	5	13	20	14	0	0	0	0	15	12	6	0	0	0	3	11	19	20	20	4	0	0	0	0	9	19	20	20	19	14	20	20	19	20	6	0	0	0	0	0	0	1	10	17	20	20	17	11	3	2	0	0	0	0
1209	0	0	0	7	20	16	11	10	10	10	10	1	0	0	0	0	0	0	0	6	19	18	20	20	20	20	20	18	2	0	0	0	0	0	0	0	2	1	2	6	7	7	15	20	6	0	0	0	0	0	0	0	0	0	0	0	0	7	19	18	2	0	0	0	0	0	0	0	0	0	0	0	8	20	19	6	0	0	0	0	0	0	0	0	0	0	0	12	20	20	6	0	0	0	0	0	0	0	0	0	0	0	1	18	20	20	15	2	0	0	0	0	0	0	0	0	0	0	0	3	10	17	20	15	0	0	0	0	0	0	0	0	0	0	0	0	0	1	14	20	8	0	0	0	0	0	0	0	0	0	0	0	0	0	11	20	8	0	0	0	0	0	0	0	0	0	0	0	0	3	19	19	1	0	0	0	0	0	0	0	0	0	0	0	1	14	20	9	0	0	0	0	0	0	0	0	0	0	3	11	19	20	11	0	0	0	0	0	0	0	0	0	0	4	18	20	20	15	1	0	0	0	0	0	0	0	0	0	0	17	20	20	12	1	0	0	0	0	0	0	0	0	0	0	0	16	18	6	0	0	0	0	0	0	0	0
1366	0	0	0	0	0	1	12	17	20	15	9	2	0	0	0	0	0	0	0	0	0	14	20	19	18	19	20	18	8	0	0	0	0	0	0	0	7	19	8	1	0	1	6	18	20	1	0	0	0	0	0	0	9	14	0	0	0	0	0	13	20	1	0	0	0	0	0	0	4	12	0	0	0	0	1	18	18	1	0	0	0	0	0	0	0	0	0	0	0	0	12	20	10	0	0	0	0	0	0	0	0	0	0	0	0	10	20	14	0	0	0	0	0	0	0	0	0	0	0	7	19	20	20	9	0	0	0	0	0	0	0	0	0	0	0	12	19	9	14	20	10	0	0	0	0	0	0	0	0	0	0	0	0	0	0	10	19	3	0	0	0	0	0	0	0	0	0	0	0	0	0	6	20	11	0	0	0	0	1	0	0	0	0	0	0	0	0	3	20	12	0	0	0	0	12	15	4	0	0	0	0	0	0	6	20	12	0	0	0	0	1	13	18	13	8	2	0	0	1	13	20	8	0	0	0	0	0	0	5	18	20	19	18	13	18	20	17	1	0	0	0	0	0	0	0	1	8	14	20	20	20	13	2	0	0	0
1403	0	0	0	0	6	12	15	16	19	10	0	0	0	0	0	0	0	0	0	6	20	19	18	10	14	20	8	0	0	0	0	0	0	0	0	3	7	2	0	0	6	20	7	0	0	0	0	0	0	0	0	0	0	0	0	0	15	19	2	0	0	0	0	0	0	0	0	0	0	0	0	13	20	8	0	0	0	0	0	0	0	0	0	0	0	0	11	19	14	7	3	0	0	0	0	0	0	0	0	0	0	2	20	20	20	20	20	5	0	0	0	0	0	0	0	0	0	0	5	6	1	3	15	17	1	0	0	0	0	0	0	0	0	0	0	0	0	0	6	20	6	0	0	0	0	0	0	0	0	0	0	0	0	0	1	20	9	0	0	0	0	0	0	0	0	0	0	0	0	0	3	20	10	0	0	0	0	0	0	0	0	0	0	0	0	0	6	20	5	0	0	0	0	0	0	0	7	2	0	0	0	4	19	14	0	0	0	0	0	0	0	8	20	6	0	1	7	20	10	0	0	0	0	0	0	0	0	6	20	14	13	19	20	12	0	0	0	0	0	0	0	0	0	0	8	20	20	17	9	0	0	0	0	0	0	0
1425	0	0	0	0	9	19	20	16	9	2	0	0	0	0	0	0	0	0	0	0	10	20	20	20	20	19	7	0	0	0	0	0	0	0	0	0	0	7	15	19	20	20	19	4	0	0	0	0	0	0	0	0	0	0	0	1	5	17	20	17	0	0	0	0	0	0	0	0	0	0	5	6	10	17	20	14	0	0	0	0	0	0	0	0	1	17	20	20	20	20	12	0	0	0	0	0	0	0	0	0	1	16	20	20	20	18	6	0	0	0	0	0	0	0	0	0	0	2	8	17	20	20	20	9	1	0	0	0	0	0	0	0	0	0	0	0	7	16	20	20	14	0	0	0	0	0	0	0	0	0	0	0	0	0	8	20	20	6	0	0	0	0	0	0	0	0	0	0	0	0	0	14	20	14	0	0	0	0	0	2	1	0	0	0	0	0	0	11	20	17	0	0	0	0	11	20	14	1	0	0	1	3	11	18	20	13	0	0	0	0	16	20	20	16	10	10	18	20	20	20	18	3	0	0	0	0	1	13	20	20	20	20	20	20	19	11	1	0	0	0	0	0	0	0	7	17	20	14	12	6	1	0	0	0	0	0
1428	0	0	0	3	17	20	20	18	13	9	1	0	0	0	0	0	0	0	3	19	20	20	20	20	20	20	20	11	0	0	0	0	0	0	8	5	7	7	13	13	18	20	20	20	3	0	0	0	0	0	0	0	0	0	0	0	1	8	20	20	6	0	0	0	0	0	0	0	0	0	0	0	0	9	20	20	2	0	0	0	0	0	0	0	0	2	10	13	18	20	20	7	0	0	0	0	0	0	0	0	0	16	20	20	20	20	16	3	0	0	0	0	0	0	0	0	0	16	20	20	20	20	20	17	3	0	0	0	0	0	0	0	0	0	0	0	4	15	20	20	17	1	0	0	0	0	0	0	0	0	0	0	0	2	15	20	20	10	0	0	0	0	0	0	0	0	0	0	0	0	3	20	20	6	0	0	0	0	1	6	0	0	0	0	0	0	6	20	19	5	0	0	0	0	6	20	12	0	0	0	0	5	16	20	14	0	0	0	0	0	5	20	20	17	13	19	20	20	20	20	2	0	0	0	0	0	0	9	20	20	20	20	20	20	14	4	0	0	0	0	0	0	0	0	8	17	20	16	12	6	0	0	0	0	0	0
1430	0	0	0	0	5	19	20	13	6	2	0	0	0	0	0	0	0	0	0	0	18	20	20	20	20	19	14	8	0	0	0	0	0	0	0	0	2	10	10	16	20	20	20	20	11	0	0	0	0	0	0	0	0	0	0	0	4	10	19	20	13	0	0	0	0	0	0	0	0	0	0	0	0	7	19	20	11	0	0	0	0	0	0	0	0	2	13	13	18	20	20	14	1	0	0	0	0	0	0	0	0	13	20	20	20	20	10	0	0	0	0	0	0	0	0	0	0	2	15	19	20	20	14	2	0	0	0	0	0	0	0	0	0	0	0	6	14	20	20	18	7	0	0	0	0	0	0	0	0	0	0	0	0	8	20	20	19	5	0	0	0	0	0	0	0	0	0	0	0	0	9	20	20	19	4	0	0	0	0	0	0	0	0	0	0	0	0	7	20	20	9	0	0	2	2	0	0	0	0	0	0	0	11	19	20	20	9	0	0	13	18	16	10	10	8	4	10	13	20	20	20	16	2	0	0	6	12	16	19	20	20	20	20	20	19	10	4	0	0	0	0	0	0	2	2	9	17	19	13	13	3	0	0	0	0	0
1444	0	0	0	0	0	0	6	14	20	20	17	0	0	0	0	0	0	0	0	1	11	19	20	20	20	20	20	6	0	0	0	0	0	0	0	3	19	19	14	8	8	10	19	19	2	0	0	0	0	0	0	0	0	0	0	0	0	0	14	20	3	0	0	0	0	0	0	0	0	0	0	0	0	4	19	18	1	0	0	0	0	0	0	0	0	0	0	1	3	17	20	6	0	0	0	0	0	0	0	0	1	10	17	18	20	18	6	0	0	0	0	0	0	0	0	0	8	20	20	16	20	20	8	0	0	0	0	0	0	0	0	0	0	5	2	0	4	17	20	8	0	0	0	0	0	0	0	0	0	0	0	0	0	3	19	18	1	0	0	0	0	0	0	0	0	0	0	0	0	0	15	20	4	0	0	0	0	0	0	0	0	0	0	0	0	0	16	20	2	0	0	0	0	0	0	0	0	0	0	0	0	1	18	18	0	0	0	0	0	0	0	0	0	5	0	2	9	15	20	8	0	0	0	0	0	0	0	0	7	20	17	19	20	19	9	0	0	0	0	0	0	0	0	0	4	17	19	15	9	2	0	0	0	0	0	0
1448	0	0	0	4	14	16	20	20	18	13	3	0	0	0	0	0	0	0	0	10	20	20	20	20	20	20	19	5	0	0	0	0	0	0	0	1	8	8	3	2	3	10	19	19	3	0	0	0	0	0	0	0	0	0	0	0	0	0	15	20	14	0	0	0	0	0	0	0	0	0	0	0	0	1	18	20	13	0	0	0	0	0	0	1	14	11	10	5	9	15	20	20	6	0	0	0	0	0	0	0	19	20	20	20	20	20	20	7	0	0	0	0	0	0	0	0	3	10	11	17	17	20	20	7	0	0	0	0	0	0	0	0	0	0	0	0	0	12	20	19	2	0	0	0	0	0	0	0	0	0	0	0	0	2	18	20	11	0	0	0	0	0	0	0	0	0	0	0	0	0	18	20	14	0	0	0	0	0	0	0	0	0	0	0	0	6	20	20	9	0	0	0	0	0	0	0	0	0	0	0	10	19	20	14	0	0	0	0	0	0	0	0	0	1	8	17	20	20	17	1	0	0	0	0	0	0	0	7	15	19	20	20	20	12	1	0	0	0	0	0	0	0	0	8	18	20	16	7	2	0	0	0	0	0	0	0
1475	0	0	0	0	0	1	9	16	20	17	14	6	0	0	0	0	0	0	1	6	14	20	20	20	20	20	20	20	7	0	0	0	0	0	13	20	20	19	13	7	4	4	9	19	19	3	0	0	0	0	18	17	6	2	0	0	0	0	0	12	20	12	0	0	0	0	1	1	0	0	0	0	0	0	0	13	20	11	0	0	0	0	0	0	0	0	0	0	0	3	13	20	20	7	0	0	0	0	0	0	0	0	0	1	10	20	20	20	8	0	0	0	0	0	0	0	2	7	13	18	20	20	20	12	1	0	0	0	0	0	0	0	17	20	20	20	20	20	20	20	15	1	0	0	0	0	0	0	18	18	12	7	2	4	9	19	20	12	0	0	0	0	0	0	1	0	0	0	0	0	0	5	20	17	0	0	0	0	0	0	0	0	0	0	0	0	0	9	20	18	0	0	0	0	0	0	0	0	0	0	0	0	7	18	20	10	0	0	0	0	5	16	12	2	0	4	6	14	20	20	11	0	0	0	0	0	1	16	20	19	18	20	20	20	17	6	0	0	0	0	0	0	0	2	11	14	14	20	14	6	1	0	0	0	0	0
1518	0	0	0	0	11	20	20	16	13	10	3	0	0	0	0	0	0	0	0	0	2	5	7	9	11	15	19	4	0	0	0	0	0	0	0	0	0	0	0	0	0	0	15	11	0	0	0	0	0	0	0	0	0	0	0	0	0	0	16	12	0	0	0	0	0	0	0	0	0	0	0	0	0	5	20	5	0	0	0	0	0	0	0	0	0	0	0	0	1	16	15	0	0	0	0	0	0	0	0	0	0	0	0	0	14	17	1	0	0	0	0	0	0	0	0	0	0	0	0	7	20	13	3	0	0	0	0	0	0	0	0	0	0	0	0	1	10	14	19	12	1	0	0	0	0	0	0	0	0	0	0	0	0	0	1	15	11	0	0	0	0	0	0	0	0	0	0	0	0	0	0	6	18	0	0	0	0	0	0	0	0	0	0	0	0	0	0	7	18	0	0	0	0	0	0	0	0	0	0	0	0	0	2	17	11	0	0	0	0	0	0	0	0	0	0	0	0	1	15	17	1	0	0	0	0	0	0	1	2	2	2	5	11	18	17	3	0	0	0	0	0	0	0	13	17	20	19	16	14	8	1	0	0	0	0	0
1579	0	0	0	0	1	7	13	17	15	8	0	0	0	0	0	0	0	0	0	0	9	20	20	20	20	20	14	1	0	0	0	0	0	0	0	1	19	20	20	20	20	20	20	10	0	0	0	0	0	0	0	0	10	19	13	2	1	18	20	11	0	0	0	0	0	0	0	0	0	3	0	3	16	20	20	10	0	0	0	0	0	0	0	0	0	0	8	17	20	20	18	2	0	0	0	0	0	0	0	0	2	15	20	20	20	20	19	7	0	0	0	0	0	0	0	0	9	20	20	20	20	20	20	20	9	0	0	0	0	0	0	0	1	11	20	13	4	3	10	20	19	2	0	0	0	0	0	0	0	0	1	0	0	0	8	20	20	3	0	0	0	0	0	0	0	0	0	0	0	0	16	20	20	1	0	0	0	0	0	0	0	0	0	0	0	9	20	20	16	0	0	0	0	0	0	0	0	0	1	7	17	20	20	20	7	0	0	0	0	0	2	8	12	14	19	20	20	20	20	11	0	0	0	0	0	0	2	19	20	20	20	20	20	15	6	0	0	0	0	0	0	0	0	3	13	17	12	8	5	1	0	0	0	0	0	0
1601	0	0	0	6	20	17	13	20	20	17	13	8	0	0	0	0	0	0	0	12	20	20	20	20	20	20	20	20	6	0	0	0	0	0	0	1	5	11	17	20	20	20	20	20	13	0	0	0	0	0	0	0	0	0	0	0	0	16	20	20	11	0	0	0	0	0	0	0	0	0	0	0	4	19	20	20	3	0	0	0	0	0	0	0	0	0	0	2	16	20	20	13	0	0	0	0	0	0	0	0	0	0	10	19	20	20	18	2	0	0	0	0	0	0	0	0	0	10	20	20	20	20	19	4	0	0	0	0	0	0	0	0	0	5	19	20	20	20	20	19	4	0	0	0	0	0	0	0	0	0	3	6	6	16	20	20	9	0	0	0	0	0	0	0	0	0	0	0	0	10	20	20	9	0	0	0	0	0	0	0	0	0	0	0	0	14	20	20	6	0	0	0	0	0	0	0	0	0	0	2	13	20	20	18	2	0	0	0	0	0	0	0	5	12	13	20	20	20	18	4	0	0	0	0	0	0	0	0	13	20	20	20	20	19	4	0	0	0	0	0	0	0	0	0	5	19	14	13	9	3	0	0	0	0	0	0
1602	0	0	0	0	5	8	12	16	20	15	3	0	0	0	0	0	0	0	0	8	20	20	20	20	20	20	17	2	0	0	0	0	0	0	0	4	11	10	13	16	20	20	20	15	0	0	0	0	0	0	0	0	0	0	0	0	9	20	20	16	0	0	0	0	0	0	0	0	0	0	0	0	12	20	20	11	0	0	0	0	0	0	0	0	0	0	0	4	18	20	19	4	0	0	0	0	0	0	0	0	1	10	13	19	20	19	6	0	0	0	0	0	0	0	0	0	13	20	20	20	20	18	9	0	0	0	0	0	0	0	0	0	14	20	20	20	20	20	20	8	0	0	0	0	0	0	0	0	1	8	10	11	19	20	20	19	3	0	0	0	0	0	0	0	0	0	0	0	4	20	20	20	9	0	0	0	0	0	0	0	0	0	0	0	1	20	20	20	8	0	0	0	0	0	0	0	0	0	0	1	12	20	20	19	4	0	0	0	0	0	0	0	7	9	9	18	20	20	20	10	0	0	0	0	0	0	0	3	19	20	20	20	20	20	9	0	0	0	0	0	0	0	0	0	15	20	20	20	14	4	0	0	0	0	0	0
1636	0	0	0	0	7	15	15	20	16	15	15	7	0	0	0	0	0	0	0	0	3	20	20	20	20	20	20	20	11	0	0	0	0	0	0	0	0	2	5	11	4	4	10	20	18	0	0	0	0	0	0	0	0	0	0	0	0	0	14	20	13	0	0	0	0	0	0	0	0	0	0	0	2	12	20	19	4	0	0	0	0	0	0	0	0	2	7	14	19	20	20	8	0	0	0	0	0	0	0	0	8	19	20	20	20	20	20	16	3	0	0	0	0	0	0	0	18	20	20	20	13	4	5	17	17	2	0	0	0	0	0	0	3	12	9	1	0	0	0	6	20	13	0	0	0	0	0	0	0	0	0	0	0	0	0	0	15	20	4	0	0	0	0	0	0	0	0	0	0	0	0	0	15	20	9	0	0	7	13	6	0	0	0	0	0	0	0	1	19	20	7	0	0	3	16	20	12	1	0	0	0	0	0	12	20	19	3	0	0	0	0	9	20	19	8	1	0	5	12	20	20	10	0	0	0	0	0	0	5	17	20	19	19	20	20	20	11	0	0	0	0	0	0	0	0	0	8	15	20	20	19	11	1	0	0	0
1778	0	0	0	0	0	5	11	15	18	14	6	0	0	0	0	0	0	0	1	11	16	20	20	20	20	20	19	7	0	0	0	0	0	0	6	20	20	15	9	9	11	10	16	20	3	0	0	0	0	0	0	4	4	0	0	0	0	0	9	20	10	0	0	0	0	0	0	0	0	0	0	0	0	0	10	20	14	0	0	0	0	0	0	0	0	0	0	0	0	8	19	20	7	0	0	0	0	0	0	0	0	0	0	5	14	20	20	13	0	0	0	0	0	0	0	0	5	9	15	20	20	20	14	0	0	0	0	0	0	0	0	5	20	20	20	20	19	20	20	15	1	0	0	0	0	0	0	1	12	11	7	4	2	4	11	20	12	0	0	0	0	0	0	0	0	0	0	0	0	0	0	15	20	3	0	0	0	0	0	0	0	0	0	0	0	0	0	13	20	5	0	0	0	0	0	4	6	0	0	0	0	0	7	19	20	4	0	0	0	0	0	17	12	0	0	3	9	16	20	20	14	0	0	0	0	0	0	16	19	18	18	19	20	20	17	8	1	0	0	0	0	0	0	2	13	19	20	16	12	7	1	0	0	0	0	0
1830	0	0	1	7	12	12	12	12	12	14	20	20	7	0	0	0	0	0	9	20	20	20	20	20	20	20	20	20	19	6	0	0	0	0	4	16	20	14	13	10	13	13	17	20	20	8	0	0	0	0	0	0	1	0	0	0	0	9	19	20	17	1	0	0	0	0	0	0	0	0	1	3	13	20	20	19	5	0	0	0	0	0	0	0	8	14	20	20	20	20	19	5	0	0	0	0	0	0	0	9	20	20	20	20	20	20	18	3	0	0	0	0	0	0	0	7	20	20	20	15	12	18	20	16	0	0	0	0	0	0	0	0	6	8	1	0	0	8	20	18	1	0	0	0	0	0	0	0	0	0	0	0	0	3	20	20	5	0	0	0	0	0	0	0	0	0	0	0	0	9	20	20	4	0	0	0	0	0	0	0	0	0	0	0	0	11	20	20	4	0	0	0	0	0	0	0	0	0	0	0	8	19	20	16	1	0	0	0	0	0	0	0	3	6	10	13	20	20	20	6	0	0	0	0	0	0	0	0	16	20	20	20	20	20	8	0	0	0	0	0	0	0	0	0	8	18	20	20	15	5	0	0	0	0	0	0
1847	0	0	0	0	0	0	6	14	18	4	0	0	0	0	0	0	0	0	0	0	9	18	20	20	20	18	3	0	0	0	0	0	0	0	0	0	14	20	20	20	17	20	17	1	0	0	0	0	0	0	0	0	2	14	12	1	0	13	20	11	0	0	0	0	0	0	0	0	0	0	0	0	0	12	20	13	0	0	0	0	0	0	0	0	0	0	0	0	0	17	20	11	0	0	0	0	0	0	0	0	0	0	0	1	9	20	19	4	0	0	0	0	0	0	0	0	0	1	10	18	20	20	14	0	0	0	0	0	0	0	0	0	0	12	20	20	20	20	20	11	0	0	0	0	0	0	0	0	0	6	18	16	7	6	15	20	10	0	0	0	0	0	0	0	0	0	0	0	0	0	2	19	19	3	0	0	0	0	0	6	0	0	0	0	0	0	0	15	20	10	0	0	0	0	7	19	1	0	0	0	0	0	4	19	20	9	0	0	0	0	9	20	10	3	2	2	5	11	19	20	17	1	0	0	0	0	2	15	20	20	19	19	20	20	20	15	3	0	0	0	0	0	0	1	8	15	20	20	20	17	6	0	0	0	0	0
1887	0	0	0	0	11	14	14	19	18	12	3	0	0	0	0	0	0	0	0	3	20	20	20	20	20	20	20	14	3	0	0	0	0	0	0	3	20	11	4	4	9	16	20	20	15	0	0	0	0	0	0	0	2	0	0	0	0	0	14	20	18	0	0	0	0	0	0	0	0	0	0	0	1	12	20	20	8	0	0	0	0	0	0	0	0	0	1	11	18	20	19	8	0	0	0	0	0	0	0	0	1	12	20	20	19	13	1	0	0	0	0	0	0	0	0	0	11	18	20	20	18	11	5	1	0	0	0	0	0	0	0	0	0	1	4	13	18	20	20	13	1	0	0	0	0	0	0	0	0	0	0	0	1	4	17	20	10	0	0	0	0	0	0	0	0	0	0	0	0	0	3	18	20	4	0	0	0	0	1	1	0	0	0	0	0	0	0	8	20	14	0	0	0	0	15	9	0	0	0	0	0	1	3	11	20	13	0	0	0	0	14	15	2	0	1	9	13	17	20	20	20	4	0	0	0	0	2	16	19	18	19	20	20	20	20	18	4	0	0	0	0	0	0	1	11	18	14	14	14	11	6	1	0	0	0	0
1956	0	0	0	0	3	19	20	16	10	4	0	0	0	0	0	0	0	0	0	0	1	8	10	15	20	20	15	2	0	0	0	0	0	0	0	0	0	0	0	0	1	9	19	19	2	0	0	0	0	0	0	0	0	0	0	0	0	4	17	20	4	0	0	0	0	0	0	0	0	0	0	3	12	20	19	8	0	0	0	0	0	0	0	0	0	0	9	20	20	14	3	0	0	0	0	0	0	0	0	0	0	0	9	20	17	3	0	0	0	0	0	0	0	0	0	0	0	0	0	3	17	18	3	0	0	0	0	0	0	0	0	0	0	0	0	0	4	19	18	3	0	0	0	0	0	0	0	0	0	0	0	0	0	5	19	18	2	0	0	0	0	0	0	0	0	0	0	0	0	0	7	20	10	0	0	0	0	0	0	0	0	0	0	0	0	0	2	19	16	0	0	0	0	0	0	0	0	0	0	0	0	0	0	17	18	0	0	0	0	0	0	11	8	3	0	0	0	2	11	20	10	0	0	0	0	0	0	8	19	20	20	20	20	20	20	17	1	0	0	0	0	0	0	0	2	8	10	17	20	19	12	2	0	0	0	0
2140	0	0	0	5	19	16	14	12	8	3	0	0	0	0	0	0	0	0	0	0	5	11	12	15	19	19	14	3	0	0	0	0	0	0	0	0	0	0	0	0	0	1	11	19	3	0	0	0	0	0	0	0	0	0	0	0	0	0	8	20	11	0	0	0	0	0	0	0	0	0	0	0	0	6	19	20	5	0	0	0	0	0	0	0	0	0	0	0	4	19	20	10	0	0	0	0	0	0	0	0	3	8	11	13	19	20	8	0	0	0	0	0	0	0	0	9	20	20	20	20	20	12	0	0	0	0	0	0	0	0	0	3	17	18	14	6	4	15	12	0	0	0	0	0	0	0	0	0	0	0	0	0	0	1	18	9	0	0	0	0	0	0	0	0	0	0	0	0	0	0	14	19	0	0	0	0	0	0	0	0	0	0	0	0	0	0	16	20	2	0	0	0	0	0	0	0	0	0	0	0	0	6	20	18	0	0	0	0	0	0	0	3	8	0	0	0	5	19	20	9	0	0	0	0	0	0	0	1	16	12	12	15	20	20	13	0	0	0	0	0	0	0	0	0	2	12	19	20	17	5	0	0	0	0	0	0
2369	0	0	0	0	0	0	8	17	20	17	4	0	0	0	0	0	0	0	0	0	4	16	20	20	20	20	18	2	0	0	0	0	0	0	0	0	13	17	8	2	5	17	20	6	0	0	0	0	0	0	0	0	7	1	0	0	0	16	20	2	0	0	0	0	0	0	0	0	0	0	0	0	9	20	18	0	0	0	0	0	0	0	0	0	0	0	0	9	20	20	4	0	0	0	0	0	0	0	0	0	0	4	14	20	20	20	7	0	0	0	0	0	0	0	0	0	3	19	20	20	20	20	19	4	0	0	0	0	0	0	0	0	2	14	11	3	9	20	20	11	0	0	0	0	0	0	0	0	0	0	0	0	0	12	20	13	0	0	0	0	0	0	0	0	0	0	0	0	0	13	20	15	0	0	0	0	0	0	0	0	0	0	0	0	2	18	20	11	0	0	0	0	0	0	0	0	0	0	0	0	10	20	17	1	0	0	0	0	0	0	0	0	0	2	8	14	20	20	9	0	0	0	0	0	0	0	0	0	3	19	20	20	20	14	1	0	0	0	0	0	0	0	0	0	0	10	20	19	10	0	0	0	0	0	0	0
2788	0	0	0	0	14	18	20	20	20	16	14	3	0	0	0	0	0	0	0	0	2	7	6	6	7	11	16	18	2	0	0	0	0	0	0	0	0	0	0	0	0	0	8	20	5	0	0	0	0	0	0	0	0	0	0	0	0	1	16	19	2	0	0	0	0	0	0	0	0	0	0	0	3	17	20	8	0	0	0	0	0	0	0	2	12	14	18	18	19	20	8	0	0	0	0	0	0	0	10	19	20	20	20	20	17	18	18	7	0	0	0	0	0	0	8	18	15	14	9	4	0	0	8	19	9	0	0	0	0	0	0	0	0	0	0	0	0	0	0	6	19	4	0	0	0	0	0	0	0	0	0	0	0	0	0	0	16	14	0	0	0	0	0	0	0	0	0	0	0	0	0	0	16	14	0	0	0	0	0	0	0	0	0	0	0	0	0	3	20	12	0	0	0	0	0	3	7	0	0	0	0	0	2	14	20	4	0	0	0	0	0	13	11	0	0	0	0	7	19	20	9	0	0	0	0	0	0	10	15	10	10	11	17	20	18	6	0	0	0	0	0	0	0	2	13	16	20	20	16	9	1	0	0	0	0	0
2881	0	0	1	8	12	13	16	18	20	20	16	6	0	0	0	0	0	0	8	19	17	17	17	13	13	14	18	20	6	0	0	0	0	0	0	1	0	0	0	0	0	0	2	20	15	0	0	0	0	0	0	0	0	0	0	0	0	0	2	20	16	0	0	0	0	0	0	0	0	0	0	0	0	0	14	20	10	0	0	0	0	0	0	0	0	0	0	0	4	13	20	14	0	0	0	0	0	0	0	3	18	15	13	16	20	20	13	1	0	0	0	0	0	0	0	1	15	20	20	20	20	20	11	0	0	0	0	0	0	0	0	0	0	2	2	2	4	13	20	15	1	0	0	0	0	0	0	0	0	0	0	0	0	0	6	19	15	0	0	0	0	0	0	0	0	0	0	0	0	0	0	10	20	4	0	0	0	0	0	0	0	0	0	0	0	0	0	8	20	10	0	0	0	0	0	5	0	0	0	0	0	0	4	17	20	5	0	0	0	0	1	19	5	0	0	0	3	13	20	20	12	0	0	0	0	0	1	17	18	13	13	12	20	20	18	8	0	0	0	0	0	0	0	2	12	19	20	20	17	10	2	0	0	0	0	0
2978	0	0	0	0	0	0	1	10	16	19	6	0	0	0	0	0	0	0	0	0	4	13	19	20	16	4	1	0	0	0	0	0	0	0	0	1	18	19	16	15	19	20	14	5	0	0	0	0	0	0	0	0	0	0	0	0	0	3	12	19	2	0	0	0	0	0	0	0	0	0	0	0	0	2	15	18	2	0	0	0	0	0	0	0	0	0	0	1	11	19	15	1	0	0	0	0	0	0	0	0	0	0	4	19	20	12	0	0	0	0	0	0	0	0	0	0	0	0	3	14	15	19	12	1	0	0	0	0	0	0	0	0	0	0	0	0	0	4	15	14	1	0	0	0	0	0	0	0	0	0	0	0	0	0	1	17	9	0	0	0	0	0	0	0	0	0	0	0	0	0	0	12	16	0	0	0	0	0	0	0	0	0	0	0	0	0	0	13	14	0	0	0	0	0	0	9	0	0	0	0	0	0	3	19	9	0	0	0	0	0	0	15	5	0	0	0	0	4	17	17	0	0	0	0	0	0	0	4	18	9	2	5	13	20	16	3	0	0	0	0	0	0	0	0	6	17	20	20	16	7	0	0	0	0	0	0
2990	0	0	0	0	0	0	2	15	18	18	4	0	0	0	0	0	0	0	0	0	0	10	19	20	20	20	14	0	0	0	0	0	0	0	0	0	10	20	20	12	2	12	20	4	0	0	0	0	0	0	0	0	3	13	5	0	0	6	20	6	0	0	0	0	0	0	0	0	0	0	0	0	0	10	20	3	0	0	0	0	0	0	0	0	0	0	0	1	11	18	14	0	0	0	0	0	0	0	0	0	0	2	5	16	20	20	7	0	0	0	0	0	0	0	0	0	11	20	20	20	20	20	18	1	0	0	0	0	0	0	0	0	11	17	15	10	4	2	17	13	0	0	0	0	0	0	0	0	0	0	0	0	0	0	7	20	5	0	0	0	0	0	0	0	0	0	0	0	0	0	4	20	9	0	0	0	0	0	0	0	0	0	0	0	0	0	3	20	10	0	0	0	0	0	0	0	0	0	0	0	0	0	6	20	7	0	0	0	0	0	0	3	11	3	0	0	0	4	19	20	4	0	0	0	0	0	0	10	20	18	15	13	15	20	20	10	0	0	0	0	0	0	0	1	12	17	20	20	20	19	9	0	0	0	0	0
3045	0	0	0	1	6	10	14	19	20	17	13	4	0	0	0	0	0	0	0	16	20	20	18	17	13	17	19	19	5	0	0	0	0	0	0	9	15	6	0	0	0	0	2	20	14	0	0	0	0	0	0	0	0	0	0	0	0	2	14	20	12	0	0	0	0	0	0	0	0	0	0	0	5	18	20	18	2	0	0	0	0	0	0	0	0	1	6	14	19	20	13	3	0	0	0	0	0	0	0	10	19	20	20	20	20	20	9	1	0	0	0	0	0	0	0	9	18	16	12	8	8	10	19	15	1	0	0	0	0	0	0	0	0	0	0	0	0	0	2	18	14	0	0	0	0	0	0	0	0	0	0	0	0	0	0	11	20	3	0	0	0	0	0	0	0	0	0	0	0	0	0	11	20	4	0	0	0	0	0	0	0	0	0	0	0	0	0	17	20	2	0	0	0	0	4	16	0	0	0	0	0	0	10	20	16	0	0	0	0	0	2	19	11	1	0	0	4	16	20	18	4	0	0	0	0	0	0	7	19	18	17	17	20	20	18	4	0	0	0	0	0	0	0	0	3	13	20	20	16	10	2	0	0	0	0	0
3197	0	0	0	0	0	3	9	15	20	18	10	0	0	0	0	0	0	0	0	1	9	20	20	20	20	20	20	9	0	0	0	0	0	0	0	13	20	20	16	11	8	15	20	18	4	0	0	0	0	0	0	18	18	4	0	0	0	16	20	15	0	0	0	0	0	0	0	2	2	0	0	0	9	20	19	4	0	0	0	0	0	0	0	0	0	0	4	15	19	20	11	0	0	0	0	0	0	0	0	0	0	4	19	20	20	20	16	4	0	0	0	0	0	0	0	0	0	7	20	20	9	18	20	18	3	0	0	0	0	0	0	0	0	0	6	5	0	6	19	20	11	0	0	0	0	0	0	0	0	0	0	0	0	0	10	20	20	2	0	0	0	0	0	0	0	0	0	0	0	0	5	20	20	3	0	0	0	0	0	0	0	0	0	0	0	0	9	20	20	3	0	0	0	0	0	0	0	0	0	0	4	14	20	20	15	0	0	0	0	0	1	16	11	8	9	14	19	20	20	16	1	0	0	0	0	0	2	19	20	20	20	20	20	18	9	1	0	0	0	0	0	0	0	4	12	17	17	14	8	2	0	0	0	0	0	0
3452	0	0	0	0	0	13	16	20	20	15	3	0	0	0	0	0	0	0	0	0	0	13	18	14	12	20	17	1	0	0	0	0	0	0	0	0	0	0	0	0	0	11	20	3	0	0	0	0	0	0	0	0	0	0	0	0	0	10	20	4	0	0	0	0	0	0	0	0	0	0	0	0	3	17	17	0	0	0	0	0	0	0	0	0	0	0	0	5	18	20	5	0	0	0	0	0	0	0	0	0	0	0	9	20	20	20	18	13	3	0	0	0	0	0	0	0	0	9	20	18	13	13	14	19	17	0	0	0	0	0	0	0	0	8	12	1	0	0	0	9	20	4	0	0	0	0	0	0	0	0	0	0	0	0	0	6	20	6	0	0	0	0	0	0	0	0	0	0	0	0	0	5	20	7	0	0	0	0	0	0	0	0	0	0	0	0	0	9	20	4	0	0	0	0	0	0	0	0	0	0	0	0	0	14	20	2	0	0	0	0	0	1	0	0	0	0	0	0	11	20	11	0	0	0	0	0	4	18	13	9	7	9	12	19	20	12	0	0	0	0	0	0	0	3	12	18	20	18	18	12	5	0	0	0	0	0
3737	0	0	0	0	0	3	9	13	15	20	13	2	0	0	0	0	0	0	0	1	10	18	20	20	20	20	20	17	2	0	0	0	0	0	0	13	20	19	16	11	11	16	19	20	17	0	0	0	0	0	0	9	20	6	0	0	0	0	11	20	19	0	0	0	0	0	0	0	0	0	0	0	0	0	12	20	18	1	0	0	0	0	0	0	0	2	4	11	11	17	20	20	10	0	0	0	0	0	0	0	1	17	20	20	20	20	20	13	0	0	0	0	0	0	0	0	1	18	20	20	20	20	20	17	6	0	0	0	0	0	0	0	0	0	0	1	7	9	19	20	17	2	0	0	0	0	0	4	8	2	0	0	0	0	5	17	20	13	0	0	0	0	10	20	19	7	0	0	0	0	0	10	20	18	0	0	0	0	18	20	13	0	0	0	0	0	0	4	20	19	0	0	0	0	6	19	20	12	0	0	0	0	0	7	20	18	0	0	0	0	0	11	20	20	18	12	6	5	12	19	20	11	0	0	0	0	0	0	6	18	20	20	20	20	20	20	17	2	0	0	0	0	0	0	0	1	8	17	20	20	20	16	3	0	0	0
3759	0	0	0	0	3	18	20	19	11	4	0	0	0	0	0	0	0	0	0	0	0	2	11	19	20	20	15	2	0	0	0	0	0	0	0	0	0	0	0	2	5	11	20	17	3	0	0	0	0	0	0	0	0	0	0	0	0	0	7	19	12	0	0	0	0	0	0	0	0	0	0	0	0	0	2	18	15	0	0	0	0	0	0	0	0	0	0	1	4	13	18	20	9	0	0	0	0	0	0	0	5	15	17	18	20	20	19	7	0	0	0	0	0	0	0	0	5	19	20	20	20	20	6	0	0	0	0	0	0	0	0	0	0	1	6	12	16	20	20	7	0	0	0	0	0	0	0	0	0	0	0	0	0	3	16	19	6	0	0	0	0	0	0	0	0	0	0	0	0	0	1	16	19	3	0	0	0	0	0	0	0	0	0	0	0	0	0	6	20	12	0	0	0	0	5	5	0	0	0	0	0	0	0	2	20	15	0	0	0	0	12	19	8	2	0	0	0	0	3	13	20	12	0	0	0	0	0	10	16	19	17	17	17	17	20	20	17	2	0	0	0	0	0	0	0	5	13	19	20	20	15	8	3	0	0	0
3800	0	0	0	0	1	6	12	12	19	15	8	0	0	0	0	0	0	0	0	0	14	20	20	20	20	20	20	10	0	0	0	0	0	0	0	4	20	18	15	8	7	16	20	18	0	0	0	0	0	0	0	1	9	2	0	0	0	7	20	19	0	0	0	0	0	0	0	0	0	0	0	0	0	13	20	11	0	0	0	0	0	0	0	0	0	0	0	3	8	20	20	4	0	0	0	0	0	0	0	0	0	5	15	19	20	20	16	0	0	0	0	0	0	0	0	0	1	20	20	20	20	20	20	5	0	0	0	0	0	0	0	0	0	16	20	18	12	17	20	14	0	0	0	0	0	0	0	0	0	0	0	0	0	6	19	20	3	0	0	0	0	0	0	0	0	0	0	0	0	1	17	20	5	0	0	0	0	0	0	3	13	0	0	0	0	0	20	20	7	0	0	0	0	0	0	3	20	2	0	0	2	13	20	20	5	0	0	0	0	0	0	6	20	17	15	15	19	20	20	14	1	0	0	0	0	0	0	0	10	18	20	20	20	20	19	5	0	0	0	0	0	0	0	0	0	1	12	20	20	17	3	0	0	0	0	0
3811	0	0	0	0	0	8	18	20	19	12	1	0	0	0	0	0	0	0	0	0	0	10	7	4	3	12	14	0	0	0	0	0	0	0	0	0	0	0	0	0	0	5	19	0	0	0	0	0	0	0	0	0	0	0	0	0	0	10	15	0	0	0	0	0	0	0	0	0	0	0	0	0	2	19	7	0	0	0	0	0	0	0	0	0	0	0	0	3	16	15	0	0	0	0	0	0	0	0	0	0	0	0	6	18	20	19	7	0	0	0	0	0	0	0	0	0	0	5	20	14	3	2	18	4	0	0	0	0	0	0	0	0	0	1	7	0	0	0	8	15	0	0	0	0	0	0	0	0	0	0	0	0	0	0	0	19	3	0	0	0	0	0	0	1	0	0	0	0	0	0	0	15	9	0	0	0	0	0	0	10	5	0	0	0	0	0	0	14	11	0	0	0	0	0	0	11	10	0	0	0	0	0	0	17	10	0	0	0	0	0	0	3	18	2	0	0	0	0	8	20	6	0	0	0	0	0	0	0	7	17	8	5	7	11	20	14	0	0	0	0	0	0	0	0	0	4	15	19	20	17	9	0	0	0	0	0
3835	0	0	0	0	2	12	20	20	20	13	2	0	0	0	0	0	0	0	0	8	19	18	14	12	14	20	16	1	0	0	0	0	0	0	0	8	9	0	0	0	0	10	20	6	0	0	0	0	0	0	0	0	0	0	0	0	0	9	20	5	0	0	0	0	0	0	0	0	0	0	0	0	1	17	15	0	0	0	0	0	0	0	0	0	0	0	0	3	15	20	4	0	0	0	0	0	0	0	0	0	0	0	5	19	20	10	0	0	0	0	0	0	0	0	0	0	0	0	3	14	19	19	9	0	0	0	0	0	0	0	0	0	0	0	0	0	2	15	20	10	0	0	0	0	0	0	0	0	0	0	0	0	0	1	13	20	4	0	0	0	0	0	0	0	0	0	0	0	0	0	1	19	12	0	0	0	0	0	0	0	0	0	0	0	0	0	0	19	13	0	0	0	0	0	0	0	0	0	0	0	0	1	11	20	5	0	0	0	0	0	0	0	0	0	1	5	8	17	19	9	0	0	0	0	0	0	0	8	16	16	19	20	19	14	4	0	0	0	0	0	0	0	0	13	20	16	12	5	2	0	0	0	0	0	0	0
3840	0	0	0	5	18	20	20	16	15	13	4	0	0	0	0	0	0	0	0	11	20	20	20	20	20	20	20	9	0	0	0	0	0	0	0	1	3	3	3	3	5	11	19	20	7	0	0	0	0	0	0	0	0	0	0	0	0	0	12	20	11	0	0	0	0	0	0	0	0	0	0	0	0	5	19	20	6	0	0	0	0	0	0	0	0	0	0	0	4	19	20	14	0	0	0	0	0	0	0	0	0	0	2	13	20	20	15	1	0	0	0	0	0	0	0	0	6	16	20	20	20	20	6	0	0	0	0	0	0	0	0	4	20	20	20	19	18	20	19	5	0	0	0	0	0	0	0	2	17	18	8	3	1	15	20	18	1	0	0	0	0	0	0	0	1	1	0	0	0	3	19	20	11	0	0	0	0	0	0	0	0	0	0	0	0	0	10	20	19	0	0	0	0	0	0	0	0	0	0	0	0	1	15	20	16	0	0	0	0	0	0	10	11	4	1	3	4	16	20	20	7	0	0	0	0	0	0	19	20	20	19	20	20	20	20	11	0	0	0	0	0	0	0	4	13	15	15	17	20	15	5	0	0	0	0	0
3858	0	0	0	0	0	12	18	20	20	16	6	0	0	0	0	0	0	0	0	0	5	20	20	18	13	16	19	3	0	0	0	0	0	0	0	0	0	10	20	12	0	5	20	9	0	0	0	0	0	0	0	0	1	17	10	0	0	8	20	10	0	0	0	0	0	0	0	0	3	8	0	0	0	11	20	7	0	0	0	0	0	0	0	0	0	0	0	0	4	18	20	3	0	0	0	0	0	0	0	0	0	0	1	6	18	20	11	0	0	0	0	0	0	0	0	0	0	11	18	20	20	20	14	1	0	0	0	0	0	0	0	0	0	13	20	18	13	12	19	12	0	0	0	0	0	0	0	0	0	0	1	0	0	0	15	19	1	0	0	0	0	0	0	0	0	0	0	0	0	0	18	20	2	0	0	0	0	0	0	0	0	0	0	0	0	2	19	20	1	0	0	0	0	0	0	0	0	0	0	0	0	11	20	16	0	0	0	0	0	0	0	0	0	0	0	2	12	20	20	6	0	0	0	0	0	0	0	2	18	13	17	19	20	18	10	0	0	0	0	0	0	0	0	1	16	20	20	19	12	2	0	0	0	0	0	0
3889	0	0	0	0	9	17	17	20	20	14	2	0	0	0	0	0	0	0	0	0	12	20	20	20	20	20	16	1	0	0	0	0	0	0	0	0	1	8	5	1	0	8	20	15	0	0	0	0	0	0	0	0	0	0	0	0	0	0	15	20	2	0	0	0	0	0	0	0	0	0	0	0	0	0	11	20	6	0	0	0	0	0	0	0	0	0	0	0	0	0	16	20	8	0	0	0	0	0	0	0	0	0	0	0	4	17	20	19	4	0	0	0	0	0	0	0	3	10	15	17	20	20	18	5	0	0	0	0	0	0	0	0	16	20	20	20	20	20	9	0	0	0	0	0	0	0	0	0	3	13	11	10	10	17	20	15	0	0	0	0	0	0	0	0	0	0	0	0	0	0	10	20	13	0	0	0	0	0	0	0	0	0	0	0	0	0	0	17	20	3	0	0	0	0	2	2	0	0	0	0	0	0	0	13	20	8	0	0	0	0	8	19	10	6	1	0	0	5	10	19	20	8	0	0	0	0	2	18	20	20	20	20	20	20	20	20	15	0	0	0	0	0	0	2	9	12	15	19	20	15	14	9	1	0	0	0
3918	0	0	3	10	13	17	13	5	7	13	15	15	8	0	0	0	0	0	16	20	20	20	20	20	20	20	20	20	20	5	0	0	0	0	5	18	20	20	16	14	7	2	1	10	20	7	0	0	0	0	0	0	1	1	0	0	0	0	1	17	20	8	0	0	0	0	0	0	0	0	0	0	0	0	13	20	17	1	0	0	0	0	0	0	0	0	0	0	1	13	20	20	7	0	0	0	0	0	0	0	0	1	3	6	16	20	20	10	0	0	0	0	0	0	0	0	1	16	20	20	20	20	20	8	0	0	0	0	0	0	0	0	0	18	20	19	15	8	15	20	6	0	0	0	0	0	0	0	0	1	7	2	0	0	0	13	19	1	0	0	0	0	0	0	0	0	0	0	0	0	0	4	20	11	0	0	0	0	13	15	5	0	0	0	0	0	0	2	20	17	0	0	0	0	15	20	20	16	8	0	0	0	0	11	20	16	0	0	0	0	7	20	20	16	1	1	1	2	12	20	20	6	0	0	0	0	0	6	17	20	20	20	20	20	20	20	12	0	0	0	0	0	0	0	1	6	15	15	19	20	14	6	0	0	0	0
3999	0	0	0	0	0	0	0	10	16	4	0	0	0	0	0	0	0	0	0	0	0	1	10	20	20	20	17	4	0	0	0	0	0	0	0	0	6	17	20	17	9	6	17	16	0	0	0	0	0	0	0	13	20	20	9	1	0	0	16	17	0	0	0	0	0	0	0	10	15	5	0	0	0	6	20	9	0	0	0	0	0	0	0	0	0	0	0	0	4	18	14	0	0	0	0	0	0	0	0	0	0	0	3	11	19	19	4	0	0	0	0	0	0	0	0	0	0	9	20	20	17	17	20	13	0	0	0	0	0	0	0	0	0	4	12	6	0	0	3	19	9	0	0	0	0	0	0	0	0	0	0	0	0	0	0	13	17	0	0	0	0	0	0	0	0	0	0	0	0	0	0	10	20	1	0	0	0	0	0	0	0	0	0	0	0	0	0	15	17	0	0	0	0	0	0	3	6	0	0	0	0	0	6	20	9	0	0	0	0	0	1	19	17	2	0	0	0	5	17	16	1	0	0	0	0	0	0	9	19	13	6	9	16	20	18	4	0	0	0	0	0	0	0	0	5	14	18	20	19	10	2	0	0	0	0	0
4060	0	0	0	0	2	10	15	15	16	12	3	0	0	0	0	0	0	0	0	1	18	20	20	20	20	20	17	2	0	0	0	0	0	0	0	0	14	9	1	1	1	17	20	9	0	0	0	0	0	0	0	0	0	0	0	0	2	19	20	9	0	0	0	0	0	0	0	0	0	0	0	0	12	20	19	1	0	0	0	0	0	0	0	0	0	0	0	3	19	20	9	0	0	0	0	0	0	0	0	0	0	0	0	11	20	15	0	0	0	0	0	0	0	0	0	0	0	0	0	13	20	11	0	0	0	0	0	0	0	0	0	0	0	0	0	4	19	18	8	0	0	0	0	0	0	0	0	0	0	0	0	0	3	13	20	15	3	0	0	0	0	0	0	0	0	0	0	0	0	0	6	17	19	4	0	0	0	0	0	0	0	0	0	0	0	0	0	3	20	16	0	0	0	0	0	0	0	0	0	0	0	1	4	14	20	17	0	0	0	0	1	0	0	1	6	9	14	18	19	20	19	8	0	0	0	0	18	17	16	19	20	20	20	19	14	14	4	0	0	0	0	0	4	16	20	18	13	10	5	0	0	0	0	0	0	0
4202	0	0	0	0	0	1	7	9	16	17	9	0	0	0	0	0	0	0	0	1	14	20	20	20	20	20	20	11	0	0	0	0	0	0	0	0	17	20	20	20	16	17	20	18	0	0	0	0	0	0	0	0	2	9	9	5	1	19	20	15	0	0	0	0	0	0	0	0	0	0	0	2	10	20	20	8	0	0	0	0	0	0	0	0	0	1	15	20	20	20	12	0	0	0	0	0	0	0	0	0	0	3	18	20	20	20	6	0	0	0	0	0	0	0	0	0	0	0	3	11	14	19	20	8	0	0	0	0	0	0	0	0	0	0	0	0	0	3	16	19	3	0	0	0	0	0	0	0	0	0	0	0	0	0	4	19	16	0	0	0	0	0	0	0	0	0	0	0	0	0	0	10	20	6	0	0	0	0	0	0	0	0	0	0	0	0	0	6	20	6	0	0	0	0	0	0	0	0	0	0	0	0	1	16	20	5	0	0	0	0	3	14	8	4	4	4	4	8	16	20	18	1	0	0	0	0	6	20	20	20	20	20	20	20	20	20	8	0	0	0	0	0	0	7	18	20	20	20	20	20	18	8	0	0	0	0
4230	0	0	0	0	7	15	16	20	20	18	5	0	0	0	0	0	0	0	0	0	19	20	19	14	14	19	19	0	0	0	0	0	0	0	0	0	4	7	3	0	0	13	20	4	0	0	0	0	0	0	0	0	0	0	0	0	0	13	20	3	0	0	0	0	0	0	0	0	0	0	0	0	6	20	15	0	0	0	0	0	0	0	0	0	0	0	0	3	18	20	6	0	0	0	0	0	0	0	0	0	0	2	8	17	20	12	0	0	0	0	0	0	0	0	0	0	0	11	20	20	20	19	11	0	0	0	0	0	0	0	0	0	0	4	9	4	5	15	20	13	0	0	0	0	0	0	0	0	0	0	0	0	0	0	12	20	10	0	0	0	0	0	0	0	0	0	0	0	0	0	1	16	19	2	0	0	0	0	0	0	0	0	0	0	0	0	0	7	20	11	0	0	0	0	7	5	0	0	0	0	0	0	0	14	20	9	0	0	0	0	13	17	1	0	0	0	3	7	12	20	19	1	0	0	0	0	8	20	19	19	19	19	20	20	20	19	6	0	0	0	0	0	0	6	14	19	20	20	18	15	11	1	0	0	0	0
4273	0	0	0	0	0	0	5	11	15	19	16	7	0	0	0	0	0	0	0	0	3	15	20	17	10	8	6	15	10	0	0	0	0	0	0	0	8	15	4	0	0	0	0	11	17	0	0	0	0	0	0	0	0	0	0	0	0	0	0	16	16	0	0	0	0	0	0	0	0	0	0	0	0	0	9	20	10	0	0	0	0	0	0	0	0	0	0	0	0	4	20	16	1	0	0	0	0	0	0	0	0	0	0	2	14	20	16	2	0	0	0	0	0	0	0	0	1	10	13	19	20	17	2	0	0	0	0	0	0	0	0	0	3	19	18	12	10	14	17	13	2	0	0	0	0	0	0	0	0	1	0	0	0	0	0	6	17	3	0	0	0	0	0	0	0	0	0	0	0	0	0	0	10	13	0	0	0	0	2	0	0	0	0	0	0	0	0	0	7	19	1	0	0	1	16	2	0	0	0	0	0	0	0	0	14	19	1	0	0	0	2	13	9	2	0	0	0	0	0	10	20	9	0	0	0	0	0	0	5	17	15	9	8	9	16	20	13	0	0	0	0	0	0	0	0	0	7	13	19	18	13	7	0	0	0	0
4287	0	0	0	0	0	0	7	18	13	6	1	0	0	0	0	0	0	0	0	0	1	12	20	20	20	20	18	8	0	0	0	0	0	0	0	0	16	20	20	13	9	9	16	20	5	0	0	0	0	0	0	4	20	16	3	0	0	0	5	20	9	0	0	0	0	0	0	0	9	1	0	0	0	0	12	20	8	0	0	0	0	0	0	0	0	0	0	0	0	1	18	16	0	0	0	0	0	0	0	0	0	4	0	1	8	11	15	2	0	0	0	0	0	0	0	2	17	20	15	20	20	20	13	0	0	0	0	0	0	0	0	13	20	20	20	16	14	17	20	13	0	0	0	0	0	0	0	6	16	14	3	0	0	2	18	20	8	0	0	0	0	0	0	0	0	0	0	0	0	0	5	20	13	0	0	0	0	0	0	0	0	0	0	0	0	0	6	20	13	0	0	0	0	0	0	0	0	0	0	0	0	0	13	20	6	0	0	0	0	0	0	0	0	0	0	0	1	7	18	9	0	0	0	0	0	0	0	0	11	14	14	14	18	18	9	0	0	0	0	0	0	0	0	0	12	20	20	14	6	0	0	0	0	0	0	0
4288	0	0	0	0	0	3	15	16	2	0	0	0	0	0	0	0	0	0	0	0	2	18	20	20	15	7	4	0	0	0	0	0	0	0	0	0	7	19	19	14	16	19	20	10	0	0	0	0	0	0	0	0	0	2	2	0	0	3	19	20	1	0	0	0	0	0	0	0	0	0	0	0	0	7	20	19	1	0	0	0	0	0	0	0	0	0	0	0	10	19	20	8	0	0	0	0	0	0	0	0	3	15	12	15	20	18	8	0	0	0	0	0	0	0	0	0	6	18	20	17	20	20	9	0	0	0	0	0	0	0	0	0	0	1	3	0	3	16	20	9	0	0	0	0	0	0	0	0	0	0	0	0	0	3	19	20	3	0	0	0	0	0	0	0	0	0	0	0	0	0	10	20	11	0	0	0	0	0	0	0	0	0	0	0	0	0	9	20	15	0	0	0	0	0	0	0	0	0	0	0	0	5	18	20	10	0	0	0	0	0	0	0	0	0	1	0	7	19	20	11	0	0	0	0	0	0	0	7	15	15	19	18	19	12	8	0	0	0	0	0	0	0	0	9	15	18	14	14	5	0	0	0	0	0	0	0
4385	0	0	0	7	15	15	15	19	16	12	2	0	0	0	0	0	0	0	0	12	20	20	20	20	20	20	17	1	0	0	0	0	0	0	0	2	12	11	7	5	2	15	20	8	0	0	0	0	0	0	0	0	0	0	0	0	0	13	20	10	0	0	0	0	0	0	0	0	0	0	0	0	6	19	20	5	0	0	0	0	0	0	0	0	0	1	7	12	19	20	13	0	0	0	0	0	0	0	0	0	0	12	20	20	20	20	19	8	0	0	0	0	0	0	0	0	0	12	16	9	7	10	19	20	9	0	0	0	0	0	0	0	0	0	0	0	0	0	4	19	19	0	0	0	0	0	0	0	0	0	0	0	0	0	0	16	20	3	0	0	0	0	0	0	0	0	0	0	0	0	2	20	19	2	0	0	0	0	0	0	0	0	0	0	0	0	10	20	14	0	0	0	0	0	1	15	13	0	0	0	0	4	20	20	5	0	0	0	0	0	5	20	20	11	0	1	10	19	20	8	0	0	0	0	0	0	0	11	20	20	17	19	20	19	6	0	0	0	0	0	0	0	0	0	4	16	20	17	10	2	0	0	0	0	0	0
4495	0	0	0	0	0	8	12	20	20	16	5	0	0	0	0	0	0	0	0	0	11	20	20	20	20	20	20	3	0	0	0	0	0	0	0	8	20	20	20	20	17	16	20	10	0	0	0	0	0	0	0	3	16	15	12	8	2	17	20	7	0	0	0	0	0	0	0	0	0	0	0	2	14	20	19	1	0	0	0	0	0	0	0	0	0	1	7	17	20	18	7	0	0	0	0	0	0	0	0	1	11	18	20	20	20	18	11	0	0	0	0	0	0	0	0	6	20	20	18	10	10	18	20	14	1	0	0	0	0	0	0	0	2	3	0	0	0	0	9	20	13	0	0	0	0	0	0	0	0	0	0	0	0	0	0	13	20	1	0	0	0	0	0	0	0	0	0	0	0	0	0	10	20	4	0	0	0	0	0	0	0	0	0	0	0	0	0	16	20	4	0	0	0	0	0	0	0	0	0	0	0	0	6	20	19	7	0	0	0	0	14	12	1	0	0	0	1	6	19	19	10	0	0	0	0	0	14	20	18	16	16	14	18	20	15	4	0	0	0	0	0	0	0	16	20	20	20	20	19	12	1	0	0	0	0	0
4540	0	0	0	7	14	19	20	20	19	14	10	0	0	0	0	0	0	0	0	12	20	19	16	13	16	17	20	15	2	0	0	0	0	0	0	0	2	2	0	0	0	0	3	19	10	0	0	0	0	0	0	0	0	0	0	0	0	0	1	19	14	0	0	0	0	0	0	0	0	0	0	0	0	0	7	20	11	0	0	0	0	0	0	0	0	0	0	0	0	3	17	19	2	0	0	0	0	0	0	0	0	0	0	0	7	18	20	9	0	0	0	0	0	0	0	0	11	14	9	16	20	20	16	0	0	0	0	0	0	0	0	3	19	20	20	20	20	20	19	7	0	0	0	0	0	0	0	0	2	11	13	9	1	1	9	19	7	0	0	0	0	0	0	0	0	0	0	0	0	0	0	8	16	0	0	0	0	0	0	0	0	0	0	0	0	0	0	5	20	4	0	0	0	0	0	0	0	0	0	0	0	0	0	5	20	9	0	0	0	0	4	14	4	0	0	0	2	3	13	20	20	6	0	0	0	0	6	19	19	16	15	10	19	20	20	20	10	0	0	0	0	0	0	4	15	20	20	20	20	17	10	4	0	0	0	0
4541	0	0	0	14	20	20	20	19	14	11	6	1	0	0	0	0	0	0	0	11	19	18	20	20	20	20	20	17	2	0	0	0	0	0	0	0	2	1	3	3	3	9	12	19	14	0	0	0	0	0	0	0	0	0	0	0	0	0	0	16	20	3	0	0	0	0	0	0	0	0	0	0	0	0	8	20	17	0	0	0	0	0	0	0	2	3	3	3	8	14	20	20	6	0	0	0	0	0	0	3	19	20	20	20	20	20	20	10	0	0	0	0	0	0	0	1	15	20	20	20	14	17	20	18	5	0	0	0	0	0	0	0	0	0	0	0	0	0	3	14	18	4	0	0	0	0	0	0	0	0	0	0	0	0	0	2	18	18	0	0	0	0	0	0	0	0	0	0	0	0	0	0	10	20	2	0	0	0	0	0	0	0	0	0	0	0	0	0	12	20	5	0	0	0	1	0	0	0	0	0	0	0	0	6	20	20	3	0	0	2	17	13	3	3	3	0	2	8	13	20	20	8	0	0	0	3	17	20	20	20	20	14	18	20	20	20	11	0	0	0	0	0	2	11	14	14	20	19	14	14	9	2	0	0	0	0
4576	0	0	0	3	13	8	17	20	20	20	13	2	0	0	0	0	0	0	0	9	20	20	20	20	20	20	20	16	0	0	0	0	0	0	0	0	11	12	7	7	7	11	20	20	2	0	0	0	0	0	0	0	0	0	0	0	0	10	20	20	3	0	0	0	0	0	0	0	0	0	0	0	7	20	20	14	0	0	0	0	0	0	0	0	0	1	7	14	20	20	14	1	0	0	0	0	0	0	0	0	1	17	20	20	20	20	11	1	0	0	0	0	0	0	0	0	0	11	20	19	16	20	20	10	0	0	0	0	0	0	0	0	0	0	0	0	0	4	19	20	2	0	0	0	0	0	0	0	0	0	0	0	0	0	17	20	6	0	0	0	0	0	0	0	0	0	0	0	0	5	20	20	8	0	0	0	0	0	0	0	0	0	0	0	2	17	20	18	2	0	0	0	0	0	0	0	0	0	0	2	14	20	20	10	0	0	0	0	0	0	0	0	9	17	13	19	20	20	14	0	0	0	0	0	0	0	0	0	11	20	20	20	20	12	1	0	0	0	0	0	0	0	0	0	2	15	17	14	5	0	0	0	0	0	0	0
4604	0	0	0	0	0	0	8	14	20	20	20	5	0	0	0	0	0	0	0	0	8	18	20	20	18	16	20	16	0	0	0	0	0	0	0	10	20	20	15	4	1	4	20	17	0	0	0	0	0	0	7	18	11	1	0	0	0	9	20	12	0	0	0	0	0	0	3	4	0	0	0	0	6	20	18	2	0	0	0	0	0	0	0	0	0	0	0	7	19	19	6	0	0	0	0	0	0	0	0	0	0	3	12	20	20	16	3	0	0	0	0	0	0	0	0	1	12	19	20	20	20	20	19	10	1	0	0	0	0	0	0	6	20	15	10	10	10	18	20	20	13	0	0	0	0	0	0	0	4	0	0	0	0	1	9	20	20	4	0	0	0	0	0	0	0	0	0	0	0	0	0	12	20	10	0	0	0	0	0	0	0	0	0	0	0	0	0	8	20	6	0	0	0	0	0	0	0	0	0	0	0	0	7	19	17	2	0	0	0	0	0	1	0	1	0	2	9	15	20	16	2	0	0	0	0	0	2	20	16	20	14	20	20	20	9	1	0	0	0	0	0	0	0	10	18	20	20	16	7	2	0	0	0	0	0	0
4627	0	0	5	7	12	15	17	20	20	11	7	1	0	0	0	0	0	0	7	17	13	17	20	19	20	20	20	18	3	0	0	0	0	0	0	0	0	0	3	2	3	4	15	20	10	0	0	0	0	0	0	0	0	0	0	0	0	3	19	20	7	0	0	0	0	0	0	0	0	0	0	3	10	19	20	16	1	0	0	0	0	0	0	0	0	10	17	20	20	19	10	1	0	0	0	0	0	0	0	0	6	20	20	20	20	14	2	0	0	0	0	0	0	0	0	0	0	7	12	15	18	20	18	7	0	0	0	0	0	0	0	0	0	0	0	0	1	6	19	20	10	0	0	0	0	0	0	0	0	0	0	0	0	0	1	17	20	6	0	0	0	0	0	0	0	0	0	0	0	0	0	8	20	13	0	0	0	0	0	0	0	0	0	0	0	0	0	8	20	17	0	0	0	0	0	0	0	0	0	0	0	0	8	19	20	12	0	0	0	0	5	9	9	9	9	9	10	15	20	20	16	2	0	0	0	0	16	20	20	20	20	20	20	20	19	11	1	0	0	0	0	0	3	12	15	15	16	16	12	9	2	0	0	0	0	0
4648	0	0	0	0	0	2	14	19	3	2	1	0	0	0	0	0	0	0	0	0	1	16	20	17	16	20	17	6	0	0	0	0	0	0	0	2	15	20	20	7	8	8	13	20	10	0	0	0	0	0	0	15	20	12	1	0	0	0	1	20	16	0	0	0	0	0	0	8	7	0	0	0	0	0	12	20	10	0	0	0	0	0	0	0	0	0	0	0	0	5	20	17	2	0	0	0	0	0	0	0	0	0	0	0	8	20	19	3	0	0	0	0	0	0	0	0	0	0	6	14	20	19	5	0	0	0	0	0	0	0	0	0	0	14	20	20	20	18	8	1	0	0	0	0	0	0	0	0	0	6	13	9	7	9	19	12	0	0	0	0	0	0	0	0	0	0	0	0	0	0	10	20	4	0	0	0	0	0	0	0	0	0	0	0	0	0	5	20	13	0	0	0	0	0	0	0	0	0	0	0	0	0	11	20	9	0	0	0	0	0	0	0	0	0	0	2	7	18	20	14	0	0	0	0	0	0	0	3	16	16	16	19	20	19	12	1	0	0	0	0	0	0	0	4	18	20	20	14	12	4	0	0	0	0	0	0
4730	0	0	0	0	0	0	4	11	14	15	18	10	0	0	0	0	0	0	0	2	12	18	19	20	19	13	15	20	9	0	0	0	0	0	0	13	20	20	16	4	0	0	0	20	13	0	0	0	0	0	0	10	14	2	0	0	0	0	2	19	12	0	0	0	0	0	0	0	0	0	0	0	0	0	7	20	8	0	0	0	0	0	0	0	0	0	0	2	4	9	18	18	1	0	0	0	0	0	0	0	0	0	0	11	20	20	18	7	0	0	0	0	0	0	0	0	0	0	0	0	13	20	10	0	0	0	0	0	0	0	0	0	0	0	0	0	0	12	20	5	0	0	0	0	0	0	0	0	0	0	0	0	0	0	14	16	0	0	0	0	0	0	0	0	0	0	0	0	0	0	5	20	6	0	0	0	0	0	0	0	0	0	0	0	0	0	4	20	9	0	0	0	0	0	0	2	9	0	0	0	0	0	5	20	10	0	0	0	0	0	0	6	12	0	0	0	0	2	15	20	3	0	0	0	0	0	0	0	18	18	13	13	16	19	20	9	0	0	0	0	0	0	0	0	5	12	14	15	20	12	5	0	0	0	0	0
4739	0	0	0	0	5	14	19	20	14	5	0	0	0	0	0	0	0	0	0	5	18	11	7	7	13	20	9	0	0	0	0	0	0	0	0	2	3	0	0	0	0	6	19	6	0	0	0	0	0	0	0	0	0	0	0	0	0	0	13	15	0	0	0	0	0	0	0	0	0	0	0	0	0	0	11	16	0	0	0	0	0	0	0	0	0	0	0	0	0	3	18	10	0	0	0	0	0	0	0	0	0	0	0	0	6	19	14	1	0	0	0	0	0	0	0	2	8	8	12	15	20	11	0	0	0	0	0	0	0	0	0	17	20	20	18	16	19	19	5	0	0	0	0	0	0	0	0	1	6	3	0	0	1	9	18	9	0	0	0	0	0	0	0	0	0	0	0	0	0	0	4	19	5	0	0	0	0	0	0	0	8	0	0	0	0	0	0	11	15	0	0	0	0	0	0	10	12	0	0	0	0	0	0	8	19	0	0	0	0	0	0	16	3	0	0	0	0	0	2	16	14	0	0	0	0	0	0	13	9	5	4	7	10	12	19	14	1	0	0	0	0	0	0	2	11	16	18	20	17	13	7	0	0	0	0	0
4740	0	0	0	0	6	12	16	17	19	12	5	0	0	0	0	0	0	0	0	8	18	12	9	8	11	16	20	8	0	0	0	0	0	0	0	3	4	0	0	0	0	0	13	17	0	0	0	0	0	0	0	0	0	0	0	0	0	0	9	19	0	0	0	0	0	0	0	0	0	0	0	0	0	3	17	12	0	0	0	0	0	0	0	0	0	0	0	0	5	18	14	1	0	0	0	0	0	0	0	0	0	2	6	14	19	10	1	0	0	0	0	0	0	0	0	0	8	20	19	18	20	13	1	0	0	0	0	0	0	0	0	0	2	4	1	0	6	18	16	0	0	0	0	0	0	0	0	0	0	0	0	0	0	2	19	6	0	0	0	0	0	0	0	0	0	0	0	0	0	0	13	16	1	0	0	0	0	0	0	0	0	1	0	0	0	0	5	20	5	0	0	0	0	0	0	0	3	9	0	0	0	0	2	20	9	0	0	0	0	0	0	1	17	2	0	0	0	1	11	19	3	0	0	0	0	0	0	2	14	0	1	5	12	19	19	4	0	0	0	0	0	0	0	0	16	20	20	17	14	8	1	0	0	0	0	0
4795	0	0	0	0	0	1	4	13	19	20	16	3	0	0	0	0	0	0	3	11	16	20	20	19	13	9	18	15	0	0	0	0	0	0	2	14	16	11	8	2	0	0	18	17	0	0	0	0	0	0	0	0	0	0	0	0	0	5	20	13	0	0	0	0	0	0	0	0	0	0	0	0	1	15	19	3	0	0	0	0	0	0	0	0	0	0	0	2	16	20	11	0	0	0	0	0	0	0	0	0	0	0	2	16	20	20	11	1	0	0	0	0	0	0	0	0	0	6	19	20	17	9	16	16	1	0	0	0	0	0	0	0	11	20	20	12	2	0	0	16	13	0	0	0	0	0	0	2	19	17	6	0	0	0	0	9	20	4	0	0	0	0	0	0	3	0	0	0	0	0	0	4	20	6	0	0	0	0	0	0	0	0	0	0	0	0	0	11	20	4	0	0	0	0	0	0	0	0	0	0	0	2	13	20	12	0	0	0	0	0	0	0	0	0	2	5	10	18	20	14	1	0	0	0	0	0	0	6	17	16	19	20	20	18	8	0	0	0	0	0	0	0	0	4	18	20	16	10	7	1	0	0	0	0	0	0
4925	0	0	0	0	2	4	12	20	19	14	7	1	0	0	0	0	0	0	0	7	18	20	20	19	19	20	20	15	1	0	0	0	0	0	8	20	20	20	11	0	0	4	10	20	13	0	0	0	0	0	3	17	17	8	1	0	0	0	0	14	20	5	0	0	0	0	0	0	0	0	0	0	0	0	0	14	20	9	0	0	0	0	0	0	0	0	0	0	0	0	9	20	20	3	0	0	0	0	0	0	0	0	0	0	3	12	20	20	15	0	0	0	0	0	0	8	15	19	14	18	20	20	20	12	1	0	0	0	0	0	0	10	20	20	20	20	20	20	14	0	0	0	0	0	0	0	0	0	8	11	9	5	7	15	20	11	0	0	0	0	0	0	0	0	0	0	0	0	0	0	14	20	9	0	0	0	0	0	0	0	0	0	0	0	0	0	5	20	19	1	0	0	0	0	0	0	0	0	0	0	0	1	12	20	20	2	0	0	0	0	1	5	5	2	5	8	13	18	20	20	13	0	0	0	0	0	6	20	20	20	20	20	20	20	18	13	2	0	0	0	0	0	0	9	14	17	19	10	9	5	1	0	0	0	0	0
4954	0	0	0	0	0	0	3	8	13	18	12	1	0	0	0	0	0	0	0	4	10	12	19	20	20	20	20	9	0	0	0	0	0	0	5	20	20	20	20	13	12	20	20	12	0	0	0	0	0	0	2	18	15	6	0	0	2	20	20	10	0	0	0	0	0	0	0	1	0	0	0	1	16	20	11	0	0	0	0	0	0	0	0	0	0	0	0	13	20	15	1	0	0	0	0	0	0	0	0	0	0	0	7	20	20	20	20	11	1	0	0	0	0	0	0	0	1	14	20	20	20	20	20	20	16	1	0	0	0	0	0	0	11	20	19	12	4	4	6	19	20	9	0	0	0	0	0	0	6	18	5	0	0	0	0	12	20	15	0	0	0	0	0	0	0	1	0	0	0	0	0	8	20	16	0	0	0	0	0	0	0	0	0	0	0	0	0	9	20	12	0	0	0	0	0	0	0	0	0	0	0	4	10	20	20	6	0	0	0	0	12	12	9	5	9	12	14	20	20	20	12	0	0	0	0	0	16	20	20	20	20	20	20	19	18	12	1	0	0	0	0	0	1	7	13	18	18	13	10	4	0	0	0	0	0	0
4957	0	0	0	0	0	0	13	20	17	13	2	0	0	0	0	0	0	0	0	0	6	18	20	20	20	20	14	1	0	0	0	0	0	0	0	1	18	20	16	4	8	20	20	5	0	0	0	0	0	0	0	1	15	18	2	0	2	20	20	6	0	0	0	0	0	0	0	0	1	1	0	0	7	20	18	1	0	0	0	0	0	0	0	0	0	0	2	10	20	20	8	0	0	0	0	0	0	0	0	0	0	6	16	20	20	20	4	0	0	0	0	0	0	0	0	0	13	20	20	20	20	20	19	7	0	0	0	0	0	0	0	0	15	20	14	7	3	11	20	15	0	0	0	0	0	0	0	0	1	4	0	0	0	3	19	20	3	0	0	0	0	0	0	0	0	0	0	0	0	1	19	18	0	0	0	0	0	0	0	0	0	0	0	0	0	5	20	14	0	0	0	0	0	0	0	0	5	4	0	0	2	17	20	8	0	0	0	0	0	0	0	2	19	19	9	8	19	20	14	0	0	0	0	0	0	0	0	1	13	20	20	20	20	18	3	0	0	0	0	0	0	0	0	0	0	5	19	20	17	4	0	0	0	0	0	0
5108	0	0	0	0	9	16	16	19	15	9	3	0	0	0	0	0	0	0	0	11	19	15	15	15	20	20	20	15	2	0	0	0	0	0	0	0	0	0	0	0	0	6	13	20	11	0	0	0	0	0	0	0	0	0	0	0	0	0	12	20	5	0	0	0	0	0	0	0	0	0	0	1	8	17	19	6	0	0	0	0	0	0	0	0	0	0	4	17	20	15	2	0	0	0	0	0	0	0	0	0	0	0	12	20	20	18	5	0	0	0	0	0	0	0	0	0	0	0	0	4	12	19	19	5	0	0	0	0	0	0	0	0	0	0	0	0	0	4	20	14	0	0	0	0	0	0	0	0	0	0	0	0	0	0	17	13	0	0	0	0	0	0	0	0	0	0	0	0	0	0	15	10	0	0	0	0	0	0	0	0	0	0	0	0	0	2	19	7	0	0	0	0	0	0	0	0	0	0	0	0	0	8	19	1	0	0	0	0	0	0	0	0	5	4	0	0	7	19	9	0	0	0	0	0	0	0	0	0	5	19	17	15	20	14	0	0	0	0	0	0	0	0	0	0	0	3	19	20	10	0	0	0	0	0	0	0
5367	0	0	0	0	0	3	8	15	20	15	6	0	0	0	0	0	0	0	0	5	17	20	20	20	20	20	20	8	0	0	0	0	0	0	0	3	17	20	18	11	6	7	20	18	0	0	0	0	0	0	0	0	1	4	1	0	0	4	20	19	1	0	0	0	0	0	0	0	0	0	0	0	0	15	20	16	0	0	0	0	0	0	0	0	0	0	0	0	10	20	20	7	0	0	0	0	0	0	0	0	0	0	0	6	19	20	16	0	0	0	0	0	0	0	0	0	0	0	0	14	20	20	4	0	0	0	0	0	0	0	0	0	0	0	0	4	17	20	17	5	0	0	0	0	0	0	0	0	0	0	0	0	0	6	19	20	5	0	0	0	0	0	0	0	0	0	0	0	0	0	6	20	15	0	0	0	0	0	0	0	0	0	0	0	0	0	1	19	20	3	0	0	0	0	0	7	1	0	0	0	0	1	13	20	17	0	0	0	0	0	2	20	13	1	1	1	8	16	20	20	10	0	0	0	0	0	0	11	20	20	20	20	20	20	20	11	0	0	0	0	0	0	0	0	8	18	14	14	14	11	3	0	0	0	0	0
5396	0	0	0	0	0	4	12	19	12	4	0	0	0	0	0	0	0	0	0	2	15	20	20	20	20	18	2	0	0	0	0	0	0	0	0	8	20	20	20	16	18	20	8	0	0	0	0	0	0	0	0	2	5	5	14	17	9	20	12	0	0	0	0	0	0	0	0	0	0	0	2	7	9	20	7	0	0	0	0	0	0	0	0	0	0	0	0	2	16	20	6	0	0	0	0	0	0	0	0	0	0	0	0	17	20	20	20	6	0	0	0	0	0	0	0	0	0	0	0	6	8	13	20	19	4	0	0	0	0	0	0	0	0	0	0	0	0	0	10	20	9	0	0	0	0	0	0	0	0	0	0	0	0	0	0	19	17	0	0	0	0	0	0	0	0	0	0	0	0	0	0	19	19	1	0	0	0	0	0	2	0	0	0	0	0	0	5	20	13	0	0	0	0	0	0	16	4	0	0	0	0	0	13	18	3	0	0	0	0	0	1	19	10	0	0	0	0	9	18	4	0	0	0	0	0	0	0	16	20	16	16	16	17	16	3	0	0	0	0	0	0	0	0	2	14	20	20	17	7	1	0	0	0	0	0	0
5434	0	0	0	2	7	12	19	20	15	10	1	0	0	0	0	0	0	0	0	9	20	20	20	20	20	20	15	2	0	0	0	0	0	0	0	2	5	4	10	13	16	20	20	12	0	0	0	0	0	0	0	0	0	0	0	0	1	18	20	20	3	0	0	0	0	0	0	0	0	0	0	0	8	20	20	19	1	0	0	0	0	0	0	0	0	1	6	12	19	20	20	15	0	0	0	0	0	0	0	0	2	14	20	20	20	20	20	4	0	0	0	0	0	0	0	0	3	20	20	20	20	20	20	6	0	0	0	0	0	0	0	0	0	10	16	20	17	19	20	19	1	0	0	0	0	0	0	0	0	0	0	3	1	13	20	20	8	0	0	0	0	0	0	0	0	0	0	0	0	6	20	20	15	0	0	0	0	0	0	1	4	1	0	0	0	8	20	20	17	0	0	0	0	0	0	11	20	9	0	0	4	17	20	20	12	0	0	0	0	0	0	17	20	18	13	16	20	20	20	20	6	0	0	0	0	0	0	6	19	20	20	20	20	20	20	9	0	0	0	0	0	0	0	0	3	12	12	17	20	17	7	0	0	0	0	0
5591	0	0	0	0	6	16	19	14	11	2	0	0	0	0	0	0	0	0	0	0	18	20	20	20	20	19	6	0	0	0	0	0	0	0	0	0	11	15	15	16	20	20	19	3	0	0	0	0	0	0	0	0	0	0	0	0	8	20	20	8	0	0	0	0	0	0	0	0	0	0	0	5	17	20	17	1	0	0	0	0	0	0	0	0	0	9	17	20	20	18	6	0	0	0	0	0	0	0	0	0	4	20	20	20	20	9	0	0	0	0	0	0	0	0	0	0	1	15	20	20	20	20	17	3	0	0	0	0	0	0	0	0	0	0	5	12	19	20	20	19	5	0	0	0	0	0	0	0	0	0	0	0	1	8	19	20	17	0	0	0	0	0	0	0	0	0	0	0	0	0	9	20	20	2	0	0	0	0	0	3	0	0	0	0	0	0	5	20	20	5	0	0	0	0	1	19	12	0	0	0	0	5	15	20	18	1	0	0	0	0	4	20	19	11	9	9	16	20	20	18	5	0	0	0	0	0	1	17	20	20	20	20	20	19	15	3	0	0	0	0	0	0	0	3	14	20	20	20	14	2	0	0	0	0	0	0
5673	0	0	0	0	0	0	5	11	17	15	12	2	0	0	0	0	0	0	0	0	10	17	20	20	20	20	20	18	1	0	0	0	0	0	2	15	20	18	12	2	3	9	20	20	4	0	0	0	0	0	8	20	14	1	0	0	3	16	20	18	1	0	0	0	0	0	0	3	0	0	0	4	18	20	19	3	0	0	0	0	0	0	0	0	0	5	12	19	20	19	5	0	0	0	0	0	0	0	0	0	8	20	20	20	20	8	0	0	0	0	0	0	0	0	0	0	2	13	20	20	20	20	18	6	0	0	0	0	0	0	0	0	0	0	4	5	10	15	20	19	6	0	0	0	0	0	0	0	0	0	0	0	0	0	7	20	18	2	0	0	0	0	0	0	0	0	0	0	0	0	1	20	20	8	0	0	0	0	0	0	0	0	0	0	0	0	11	20	20	7	0	0	0	0	0	0	0	0	0	0	6	16	20	20	17	1	0	0	0	0	0	1	1	4	10	14	19	20	20	16	4	0	0	0	0	0	7	20	20	20	20	20	20	19	11	0	0	0	0	0	0	0	2	14	20	18	15	10	4	0	0	0	0	0	0	0
5678	0	0	0	0	0	0	2	7	12	15	16	13	1	0	0	0	0	0	0	2	11	17	20	20	20	20	20	20	5	0	0	0	0	0	0	12	20	19	12	10	6	7	20	20	7	0	0	0	0	0	0	2	4	0	0	0	0	8	20	20	4	0	0	0	0	0	0	0	0	0	0	0	0	18	20	11	0	0	0	0	0	0	0	0	0	0	0	1	11	20	15	0	0	0	0	0	0	0	0	0	0	0	1	14	20	20	17	2	0	0	0	0	0	0	0	0	0	0	10	20	20	20	20	17	1	0	0	0	0	0	0	0	0	0	2	15	9	2	18	20	10	0	0	0	0	0	0	0	0	0	0	0	0	0	14	20	12	0	0	0	0	0	0	0	0	0	0	0	0	0	18	20	6	0	0	0	0	0	0	0	0	0	0	0	0	5	20	20	3	0	0	0	0	0	0	0	0	0	0	0	5	18	20	13	0	0	0	0	0	0	0	0	0	2	14	18	20	20	15	0	0	0	0	0	0	0	0	0	0	12	20	20	19	13	2	0	0	0	0	0	0	0	0	0	0	12	17	10	4	0	0	0	0	0	0	0
5737	0	0	0	1	12	17	20	20	15	9	0	0	0	0	0	0	0	0	1	17	20	18	17	19	20	20	15	0	0	0	0	0	0	0	4	9	3	1	0	1	6	18	20	6	0	0	0	0	0	0	0	0	0	0	0	0	0	16	20	2	0	0	0	0	0	0	0	0	0	0	0	1	13	20	10	0	0	0	0	0	0	0	0	0	0	0	2	16	20	13	0	0	0	0	0	0	0	0	0	0	9	16	19	20	20	18	13	2	0	0	0	0	0	0	0	7	20	20	17	15	15	20	20	18	4	0	0	0	0	0	0	1	11	4	0	0	0	1	10	20	19	1	0	0	0	0	0	0	0	0	0	0	0	0	0	15	20	8	0	0	0	0	0	0	1	4	4	0	0	0	0	12	20	7	0	0	0	0	0	5	18	14	3	0	0	0	0	16	20	7	0	0	0	0	5	20	14	1	0	0	0	0	5	20	15	0	0	0	0	0	7	20	16	6	3	3	7	10	18	19	3	0	0	0	0	0	0	16	20	20	20	20	20	20	17	3	0	0	0	0	0	0	0	1	10	15	17	16	12	6	1	0	0	0	0	0
5739	0	0	0	0	8	16	20	20	17	12	1	0	0	0	0	0	0	0	0	6	20	18	18	18	20	20	16	1	0	0	0	0	0	0	0	5	17	1	0	0	3	14	20	5	0	0	0	0	0	0	0	0	0	0	0	0	0	14	20	4	0	0	0	0	0	0	0	0	0	0	0	0	5	20	15	0	0	0	0	0	0	0	0	0	0	1	1	8	18	20	8	0	0	0	0	0	0	0	0	0	13	20	20	20	20	15	1	0	0	0	0	0	0	0	0	0	17	20	20	20	20	20	19	11	0	0	0	0	0	0	0	0	1	3	3	3	4	11	17	20	14	1	0	0	0	0	0	0	0	0	0	0	0	0	0	11	20	13	0	0	0	0	4	16	0	0	0	0	0	0	0	0	18	20	0	0	0	0	15	12	0	0	0	0	0	0	0	0	17	20	1	0	0	1	20	11	0	0	0	0	0	0	0	5	19	17	0	0	0	0	20	18	3	1	0	1	3	6	12	20	20	6	0	0	0	0	11	20	20	19	18	19	20	20	20	19	10	0	0	0	0	0	0	9	15	18	20	16	15	15	12	3	0	0	0	0
5768	0	0	0	0	0	4	10	16	20	20	15	5	0	0	0	0	0	0	0	5	14	20	20	20	20	12	18	18	3	0	0	0	0	0	0	17	19	13	8	7	11	0	5	20	8	0	0	0	0	0	0	3	3	0	0	0	0	0	8	20	7	0	0	0	0	0	0	0	0	0	0	0	0	1	17	19	2	0	0	0	0	0	0	0	0	0	0	0	0	14	20	9	0	0	0	0	0	0	0	0	1	6	11	10	15	20	10	0	0	0	0	0	0	0	0	2	17	20	20	20	20	20	14	1	0	0	0	0	0	0	0	5	20	20	17	9	3	8	20	12	0	0	0	0	0	0	0	0	4	3	0	0	0	0	11	20	5	0	0	0	0	0	0	0	0	0	0	0	0	0	1	20	14	0	0	0	0	0	0	0	0	0	0	0	0	0	0	17	17	0	0	0	0	0	0	0	0	3	0	0	0	0	4	20	14	0	0	0	0	0	0	0	15	17	3	0	0	4	17	20	4	0	0	0	0	0	0	0	19	16	12	14	17	20	19	6	0	0	0	0	0	0	0	0	6	16	20	19	15	9	2	0	0	0	0	0
5942	0	0	0	0	1	7	13	15	19	16	19	13	0	0	0	0	0	0	0	4	19	20	17	14	9	5	9	20	5	0	0	0	0	0	0	3	13	6	0	0	0	0	1	17	8	0	0	0	0	0	0	0	0	0	0	0	0	0	10	20	2	0	0	0	0	0	0	0	0	0	0	0	0	7	20	6	0	0	0	0	0	0	0	0	0	0	0	2	12	19	8	0	0	0	0	0	0	0	0	0	1	13	15	19	18	20	13	2	0	0	0	0	0	0	0	3	18	20	20	10	1	5	18	15	1	0	0	0	0	0	0	6	17	11	4	0	0	0	3	19	10	0	0	0	0	0	0	0	0	0	0	0	0	0	0	12	18	0	0	0	0	0	0	0	0	0	0	0	0	0	0	7	20	2	0	0	0	0	0	0	0	0	0	0	0	0	0	8	20	1	0	0	0	0	0	0	0	0	0	0	0	0	1	15	17	0	0	0	0	0	0	0	0	0	0	0	0	5	17	19	5	0	0	0	0	0	1	6	5	7	10	13	15	20	17	4	0	0	0	0	0	0	1	9	15	18	20	17	12	6	1	0	0	0	0	0
5956	0	0	0	0	0	7	15	19	19	13	3	0	0	0	0	0	0	0	0	3	16	20	18	13	11	18	20	8	0	0	0	0	0	0	0	17	19	8	0	0	0	2	12	20	7	0	0	0	0	0	0	4	5	0	0	0	0	0	0	14	17	0	0	0	0	0	0	0	0	0	0	0	0	0	0	13	17	0	0	0	0	0	0	0	0	0	0	0	0	0	9	20	7	0	0	0	0	0	0	0	0	0	0	5	11	17	19	8	0	0	0	0	0	0	0	0	0	11	19	20	20	10	2	0	0	0	0	0	0	0	0	0	0	13	18	17	19	19	14	3	0	0	0	0	0	0	0	0	0	0	0	0	2	10	19	18	4	0	0	0	0	0	0	0	0	0	0	0	0	0	0	15	18	2	0	0	0	0	0	0	0	0	0	0	0	0	0	1	18	10	0	0	0	0	0	0	1	0	0	0	0	0	0	0	16	13	0	0	0	0	12	18	13	1	0	0	0	0	0	11	20	6	0	0	0	0	8	19	20	18	16	13	13	12	16	20	12	0	0	0	0	0	0	1	8	12	15	16	18	19	15	8	0	0	0	0
6018	0	0	0	0	5	14	20	20	17	14	4	0	0	0	0	0	0	0	0	7	20	20	18	18	19	20	19	7	0	0	0	0	0	0	0	17	18	3	0	0	1	9	19	20	3	0	0	0	0	0	0	2	4	0	0	0	0	0	9	20	9	0	0	0	0	0	0	0	0	0	0	0	0	1	15	20	7	0	0	0	0	0	0	0	0	0	0	6	10	18	20	11	0	0	0	0	0	0	0	0	5	14	19	20	20	20	13	0	0	0	0	0	0	0	0	9	20	20	20	20	20	20	20	13	1	0	0	0	0	0	0	5	17	11	4	2	3	8	16	20	14	0	0	0	0	0	0	0	0	0	0	0	0	0	0	14	20	9	0	0	0	0	0	0	0	0	0	0	0	0	0	2	20	18	0	0	0	0	0	0	0	0	0	0	0	0	0	1	20	17	0	0	0	0	0	0	0	0	0	0	0	0	0	8	20	9	0	0	0	0	11	17	13	6	1	0	0	5	13	20	18	2	0	0	0	0	17	20	20	20	19	18	19	20	20	14	3	0	0	0	0	0	2	3	6	13	17	18	16	11	4	0	0	0	0	0
6019	0	0	0	0	1	10	17	18	17	8	1	0	0	0	0	0	0	0	0	1	17	20	17	18	20	20	15	1	0	0	0	0	0	0	0	0	13	14	3	0	4	15	20	16	1	0	0	0	0	0	0	0	0	0	0	0	0	0	15	20	7	0	0	0	0	0	0	0	0	0	0	0	0	0	13	20	4	0	0	0	0	0	0	0	0	0	0	0	2	9	20	15	0	0	0	0	0	0	0	0	4	6	10	11	18	20	17	2	0	0	0	0	0	0	0	5	20	20	20	20	20	20	17	3	0	0	0	0	0	0	0	1	12	13	13	13	13	16	20	17	2	0	0	0	0	0	0	0	0	0	0	0	0	0	10	20	16	1	0	0	0	0	0	0	0	0	0	0	0	0	1	15	20	8	0	0	0	0	0	0	0	0	0	0	0	0	0	5	20	13	0	0	0	0	0	0	0	0	0	0	0	0	0	10	20	9	0	0	0	0	3	14	13	9	4	0	0	0	7	20	16	1	0	0	0	0	11	19	20	20	20	19	19	19	20	17	2	0	0	0	0	0	0	1	5	10	17	20	20	18	10	1	0	0	0	0
6020	0	0	0	0	4	15	19	20	18	11	1	0	0	0	0	0	0	0	0	3	20	20	19	19	20	20	17	2	0	0	0	0	0	0	0	2	13	9	1	1	7	18	20	13	0	0	0	0	0	0	0	0	0	0	0	0	0	4	20	20	2	0	0	0	0	0	0	0	0	0	0	0	0	1	18	19	0	0	0	0	0	0	0	0	0	0	0	0	2	13	20	10	0	0	0	0	0	0	0	0	1	3	8	13	18	20	13	0	0	0	0	0	0	0	0	1	16	20	20	20	20	17	3	0	0	0	0	0	0	0	0	0	13	18	18	20	20	20	19	7	0	0	0	0	0	0	0	0	0	0	0	2	9	17	20	20	3	0	0	0	0	0	0	0	0	0	0	0	0	0	10	20	15	0	0	0	0	0	0	0	0	0	0	0	0	0	1	18	20	3	0	0	0	0	0	0	0	0	0	0	0	0	0	16	20	6	0	0	0	0	0	13	14	7	1	0	0	2	11	19	14	0	0	0	0	0	4	20	20	20	19	17	17	20	20	14	1	0	0	0	0	0	0	2	14	17	20	20	20	17	9	0	0	0	0	0
6029	0	0	0	0	0	0	2	7	12	20	8	0	0	0	0	0	0	0	0	0	1	14	19	20	20	14	1	0	0	0	0	0	0	0	0	0	0	12	15	10	10	16	11	0	0	0	0	0	0	0	0	0	0	0	0	0	0	0	18	9	0	0	0	0	0	0	0	0	0	0	0	0	0	1	19	14	0	0	0	0	0	0	0	0	0	0	0	0	4	16	20	7	0	0	0	0	0	0	0	0	0	4	11	14	19	19	9	0	0	0	0	0	0	0	0	0	12	20	20	16	10	2	0	0	0	0	0	0	0	0	0	0	11	20	20	14	11	5	0	0	0	0	0	0	0	0	0	0	0	2	5	9	11	15	18	11	0	0	0	0	0	0	0	0	0	0	0	0	0	0	3	14	13	0	0	0	0	0	0	0	0	0	0	0	0	0	0	1	20	6	0	0	0	0	0	0	0	0	0	0	0	0	0	7	20	11	0	0	0	0	2	0	0	0	0	0	0	2	10	20	17	2	0	0	0	0	8	16	10	10	10	13	17	20	20	13	2	0	0	0	0	0	0	3	15	16	17	19	15	10	3	0	0	0	0	0
6038	0	0	0	0	10	15	15	17	20	16	7	0	0	0	0	0	0	0	0	5	20	20	19	15	15	17	20	10	0	0	0	0	0	0	0	0	8	6	2	0	0	1	15	19	2	0	0	0	0	0	0	0	0	0	0	0	0	0	10	20	5	0	0	0	0	0	0	0	0	0	0	0	0	0	15	20	4	0	0	0	0	0	0	0	0	0	0	0	0	9	20	18	1	0	0	0	0	0	0	0	1	8	14	16	20	20	20	5	0	0	0	0	0	0	0	0	14	20	20	20	20	20	20	11	1	0	0	0	0	0	0	0	14	20	20	20	15	6	11	20	16	2	0	0	0	0	0	0	1	5	9	2	0	0	0	6	20	13	0	0	0	0	0	0	0	0	0	0	0	0	0	0	15	18	2	0	0	0	0	0	0	0	0	0	0	0	0	0	12	20	5	0	0	0	4	0	0	0	0	0	0	0	0	3	19	20	3	0	0	5	20	10	3	0	0	0	0	3	12	18	20	11	0	0	0	0	10	20	20	20	19	15	16	20	20	20	10	0	0	0	0	0	0	3	12	15	16	20	20	15	8	2	0	0	0	0
6039	0	0	0	0	3	7	14	18	20	18	8	0	0	0	0	0	0	0	0	1	18	20	15	9	8	15	20	6	0	0	0	0	0	0	0	0	14	7	0	0	0	0	16	15	0	0	0	0	0	0	0	0	0	0	0	0	0	0	15	19	0	0	0	0	0	0	0	0	0	0	0	0	0	0	18	20	1	0	0	0	0	0	0	0	0	0	0	1	1	9	20	13	0	0	0	0	0	0	0	0	0	6	16	20	20	20	18	3	0	0	0	0	0	0	0	0	0	19	20	20	20	20	19	6	0	0	0	0	0	0	0	0	0	6	14	14	11	5	14	19	3	0	0	0	0	0	0	0	0	0	0	0	0	0	2	18	16	1	0	0	0	0	0	0	0	0	0	0	0	0	0	6	20	6	0	0	0	0	0	0	0	0	0	0	0	0	0	1	19	13	0	0	0	0	11	3	0	0	0	0	0	0	0	4	20	18	0	0	0	0	17	8	0	0	0	0	0	2	7	19	20	9	0	0	0	0	6	19	17	13	12	12	13	19	20	18	10	0	0	0	0	0	0	3	10	15	18	20	20	15	9	1	0	0	0	0
6049	0	0	0	0	1	6	13	15	18	20	14	5	0	0	0	0	0	0	0	1	17	20	20	20	20	18	19	20	8	0	0	0	0	0	0	1	14	20	13	6	3	1	3	20	18	0	0	0	0	0	0	0	0	3	0	0	0	0	7	20	18	0	0	0	0	0	0	0	0	0	0	0	0	1	15	20	13	0	0	0	0	0	0	0	0	0	0	0	6	16	20	19	3	0	0	0	0	0	0	0	1	6	10	15	20	20	20	8	0	0	0	0	0	0	0	0	8	20	20	20	20	20	20	12	1	0	0	0	0	0	0	0	2	14	14	9	8	8	14	20	15	0	0	0	0	0	0	0	0	0	0	0	0	0	0	8	20	10	0	0	0	0	2	0	0	0	0	0	0	0	0	1	19	16	0	0	0	1	18	5	0	0	0	0	0	0	0	2	20	19	1	0	0	0	9	18	5	0	0	0	0	0	0	12	20	17	0	0	0	0	1	14	20	14	5	2	1	4	13	20	20	10	0	0	0	0	0	1	13	20	20	19	19	20	20	20	17	1	0	0	0	0	0	0	0	7	14	20	20	20	19	12	1	0	0	0
6056	0	0	0	1	3	9	18	19	14	11	2	0	0	0	0	0	0	0	0	15	20	20	20	20	20	20	16	1	0	0	0	0	0	0	0	10	15	10	7	4	4	14	20	6	0	0	0	0	0	0	0	0	0	0	0	0	0	9	20	8	0	0	0	0	0	0	0	0	0	0	0	0	0	13	20	7	0	0	0	0	0	0	0	0	0	0	0	1	9	19	19	1	0	0	0	0	0	0	0	0	0	0	0	13	20	20	20	6	0	0	0	0	0	0	0	0	0	0	0	10	20	15	13	20	10	0	0	0	0	0	0	0	0	0	0	0	5	0	0	8	20	6	0	0	0	0	0	0	0	0	0	0	0	0	0	0	19	14	0	0	0	0	0	0	0	0	0	0	0	0	0	0	15	15	0	0	0	0	0	0	0	0	0	0	0	0	0	4	17	9	0	0	0	0	9	6	0	0	0	0	0	2	8	19	20	5	0	0	0	0	16	12	0	0	0	2	11	19	20	18	8	0	0	0	0	0	7	20	18	13	13	18	20	17	10	3	0	0	0	0	0	0	0	8	15	20	15	12	5	0	0	0	0	0	0	0
6057	0	0	0	0	11	17	20	20	17	8	0	0	0	0	0	0	0	0	0	0	16	19	19	19	20	20	9	0	0	0	0	0	0	0	0	0	1	2	0	0	3	13	20	4	0	0	0	0	0	0	0	0	0	0	0	0	0	8	20	4	0	0	0	0	0	0	0	0	0	0	0	0	3	15	19	2	0	0	0	0	0	0	0	0	0	0	2	8	18	18	5	0	0	0	0	0	0	0	0	3	9	17	19	20	18	4	0	0	0	0	0	0	0	0	0	7	20	20	17	17	20	11	0	0	0	0	0	0	0	0	0	0	0	0	0	0	8	20	14	1	0	0	0	0	0	0	0	10	0	0	0	0	0	6	19	16	0	0	0	0	0	0	0	14	1	0	0	0	0	0	7	19	11	0	0	0	0	0	3	12	0	0	0	0	0	0	1	18	18	1	0	0	0	0	4	15	0	0	0	0	0	3	13	20	20	7	0	0	0	0	0	19	7	0	0	2	12	20	20	12	5	2	0	0	0	0	0	11	20	19	19	19	20	16	7	0	0	0	0	0	0	0	0	0	10	19	17	9	4	0	0	0	0	0	0	0
6065	0	0	0	0	6	9	14	20	20	20	15	1	0	0	0	0	0	0	3	13	20	20	20	18	18	18	20	15	0	0	0	0	0	1	17	20	18	10	3	0	0	0	19	20	4	0	0	0	0	0	13	13	2	0	0	0	0	0	18	20	2	0	0	0	0	0	0	0	0	0	0	0	0	4	20	17	1	0	0	0	0	0	0	0	0	0	0	0	1	16	20	5	0	0	0	0	0	0	0	0	0	0	1	6	17	20	20	14	4	0	0	0	0	0	0	0	0	5	18	20	20	18	17	19	19	3	0	0	0	0	0	0	0	7	20	17	6	1	0	4	20	15	0	0	0	0	0	0	0	0	2	1	0	0	0	0	18	20	0	0	0	0	0	0	0	0	0	0	0	0	0	0	17	18	1	0	0	0	14	11	0	0	0	0	0	0	0	6	20	14	0	0	0	0	18	16	0	0	0	0	0	0	6	18	20	9	0	0	0	0	12	20	13	4	4	4	7	14	20	20	13	1	0	0	0	0	1	15	20	20	20	20	20	20	19	8	0	0	0	0	0	0	0	0	12	18	20	20	15	8	3	0	0	0	0	0
6075	0	0	0	0	1	3	6	11	16	18	18	6	0	0	0	0	0	0	5	17	20	20	20	19	17	14	15	19	2	0	0	0	0	0	5	18	20	15	9	2	0	0	13	20	4	0	0	0	0	0	0	1	1	0	0	0	0	1	20	18	1	0	0	0	0	0	0	0	0	0	0	0	7	19	20	7	0	0	0	0	0	0	0	0	0	0	1	9	20	20	9	0	0	0	0	0	0	0	0	0	0	6	17	20	20	20	17	6	0	0	0	0	0	0	0	0	7	20	20	17	8	5	10	19	9	0	0	0	0	0	0	0	0	8	6	0	0	0	0	10	20	3	0	0	0	0	0	0	0	0	0	0	0	0	0	8	20	8	0	0	0	0	0	0	0	0	0	0	0	0	0	13	20	5	0	0	0	0	0	0	0	0	0	0	0	0	9	19	15	0	0	0	0	0	0	0	0	0	0	0	1	13	20	19	3	0	0	0	0	0	0	14	1	0	1	7	18	20	18	4	0	0	0	0	0	0	0	17	15	15	19	20	20	13	3	0	0	0	0	0	0	0	0	4	14	18	16	12	5	0	0	0	0	0	0	0
6077	0	0	0	5	7	7	8	15	17	20	17	11	1	0	0	0	0	0	9	20	20	20	20	20	19	18	20	20	14	0	0	0	0	0	3	18	19	15	13	9	0	0	15	20	17	0	0	0	0	0	0	1	1	0	0	0	0	9	20	20	9	0	0	0	0	0	0	0	0	0	0	2	14	20	19	9	0	0	0	0	0	0	0	0	0	0	7	19	20	20	9	0	0	0	0	0	0	0	0	0	4	14	20	20	20	20	10	1	0	0	0	0	0	0	0	8	19	20	20	20	19	16	19	18	5	0	0	0	0	0	0	4	19	18	9	4	0	0	1	16	19	1	0	0	0	0	0	0	1	1	0	0	0	0	0	9	20	8	0	0	0	0	0	0	0	0	0	0	0	0	0	9	20	11	0	0	0	0	0	0	0	0	0	0	0	0	0	16	20	8	0	0	0	0	0	0	0	0	0	0	0	2	11	20	18	2	0	0	0	0	9	6	0	0	0	3	10	18	20	19	6	0	0	0	0	0	8	19	16	16	19	20	20	20	17	4	0	0	0	0	0	0	0	8	17	20	20	18	13	9	1	0	0	0	0	0
6084	0	0	0	0	0	11	18	15	15	12	2	0	0	0	0	0	0	0	0	0	9	20	19	14	15	18	18	2	0	0	0	0	0	0	0	0	3	12	4	0	0	2	20	13	0	0	0	0	0	0	0	0	0	0	0	0	0	3	20	14	0	0	0	0	0	0	0	0	0	0	0	0	1	13	20	8	0	0	0	0	0	0	0	0	0	0	0	2	12	20	16	0	0	0	0	0	0	0	0	0	0	7	18	20	20	20	5	0	0	0	0	0	0	0	0	0	0	14	20	20	19	18	14	0	0	0	0	0	0	0	0	0	0	1	9	7	1	3	18	12	0	0	0	0	0	0	0	0	0	0	0	0	0	0	8	19	3	0	0	0	0	0	0	0	0	0	0	0	0	0	4	20	11	0	0	0	0	0	0	0	0	0	0	0	0	0	2	20	13	0	0	0	0	0	0	4	13	0	0	0	0	0	7	20	12	0	0	0	0	0	0	13	16	0	0	0	0	4	19	20	5	0	0	0	0	0	0	5	19	18	13	13	14	19	20	11	0	0	0	0	0	0	0	0	3	13	18	20	20	16	7	0	0	0	0	0
6086	0	0	0	0	1	12	17	20	16	8	0	0	0	0	0	0	0	0	0	0	8	20	20	20	20	20	6	0	0	0	0	0	0	0	0	0	0	5	7	2	13	20	16	0	0	0	0	0	0	0	0	0	0	0	0	0	7	20	18	0	0	0	0	0	0	0	0	0	0	0	0	0	11	20	19	0	0	0	0	0	0	0	0	0	0	0	0	4	19	20	14	0	0	0	0	0	0	0	0	0	0	7	15	20	20	20	5	0	0	0	0	0	0	0	0	0	3	20	20	20	20	20	15	1	0	0	0	0	0	0	0	0	0	13	20	18	9	12	20	15	2	0	0	0	0	0	0	0	0	0	1	1	0	0	10	20	14	0	0	0	0	0	0	0	0	0	0	0	0	0	1	19	20	2	0	0	0	0	0	1	5	3	0	0	0	0	0	18	20	4	0	0	0	0	1	16	20	10	0	0	0	0	7	20	20	3	0	0	0	0	4	20	19	9	8	8	8	10	19	20	18	2	0	0	0	0	0	14	20	20	20	20	20	20	20	20	6	0	0	0	0	0	0	0	7	13	19	20	20	20	14	4	0	0	0	0
6100	0	0	10	16	19	20	17	14	10	9	4	0	0	0	0	0	0	0	9	14	14	20	20	20	20	20	20	9	0	0	0	0	0	0	0	0	0	0	0	0	3	8	18	20	9	0	0	0	0	0	0	0	0	0	0	0	0	0	7	20	13	0	0	0	0	0	0	0	0	0	0	0	0	5	17	20	8	0	0	0	0	0	0	0	0	0	0	4	14	20	20	11	0	0	0	0	0	0	0	0	0	0	0	13	20	20	7	0	0	0	0	0	0	0	0	0	0	0	0	3	18	20	14	3	0	0	0	0	0	0	0	0	0	0	0	0	0	9	19	19	4	0	0	0	0	0	0	0	0	0	0	0	0	0	5	19	18	2	0	0	0	0	0	0	0	0	0	0	0	0	0	8	20	10	0	0	0	0	1	11	0	0	0	0	0	0	0	2	20	14	0	0	0	0	12	20	2	0	0	0	0	0	0	12	20	14	0	0	0	0	15	19	0	0	0	0	1	6	16	20	18	5	0	0	0	0	7	20	20	17	15	20	20	20	20	18	3	0	0	0	0	0	0	7	15	20	20	20	18	12	7	2	0	0	0	0
6104	0	0	0	0	0	5	18	18	5	0	0	0	0	0	0	0	0	0	0	0	0	12	20	20	20	10	0	0	0	0	0	0	0	0	0	0	0	3	16	20	20	20	6	0	0	0	0	0	0	0	0	0	0	0	1	4	20	20	14	0	0	0	0	0	0	0	0	0	0	0	0	4	19	20	17	0	0	0	0	0	0	0	0	0	1	2	6	15	20	20	12	0	0	0	0	0	0	0	0	0	10	20	20	20	20	20	5	0	0	0	0	0	0	0	0	0	13	20	20	20	20	20	20	9	0	0	0	0	0	0	0	0	0	6	7	7	13	18	20	20	10	0	0	0	0	0	0	0	0	0	0	0	0	3	20	20	19	1	0	0	0	0	0	0	0	0	0	0	0	0	18	20	20	2	0	0	0	0	0	7	4	1	0	0	0	5	20	20	20	2	0	0	0	0	2	19	20	16	5	7	3	16	20	20	16	0	0	0	0	0	0	18	20	20	20	20	20	20	20	20	7	0	0	0	0	0	0	5	17	20	20	20	20	20	19	6	0	0	0	0	0	0	0	0	0	6	13	19	17	9	2	0	0	0	0	0
6170	0	0	0	0	3	13	17	20	20	17	6	0	0	0	0	0	0	0	0	0	11	20	17	16	16	17	20	10	0	0	0	0	0	0	0	0	2	14	0	0	0	0	14	20	5	0	0	0	0	0	0	0	0	0	0	0	0	0	11	20	8	0	0	0	0	0	0	0	0	0	0	0	2	10	20	19	4	0	0	0	0	0	0	0	0	7	12	13	19	20	20	8	0	0	0	0	0	0	0	0	3	19	20	20	19	10	7	0	0	0	0	0	0	0	0	0	0	1	5	12	20	10	0	0	0	0	0	0	0	0	0	0	0	0	0	0	12	20	8	0	0	0	0	0	0	0	0	0	0	0	0	0	0	15	20	4	0	0	0	0	0	0	0	0	0	0	0	0	0	3	19	16	0	0	0	0	0	0	0	0	0	0	0	0	0	0	14	20	3	0	0	0	0	0	0	0	1	0	0	0	0	0	11	20	5	0	0	0	0	0	0	7	15	0	0	0	0	6	19	20	4	0	0	0	0	0	0	3	20	17	16	16	16	20	20	13	0	0	0	0	0	0	0	0	4	12	18	20	20	19	10	1	0	0	0	0
6258	0	0	0	0	0	10	15	15	18	15	4	0	0	0	0	0	0	0	0	4	17	20	20	20	16	19	16	0	0	0	0	0	0	0	0	11	20	14	6	1	0	15	20	3	0	0	0	0	0	0	0	0	1	0	0	0	4	20	17	0	0	0	0	0	0	0	0	0	0	0	0	0	15	20	9	0	0	0	0	0	0	0	0	0	0	0	0	11	20	19	9	8	2	0	0	0	0	0	0	0	0	0	10	20	20	20	20	20	13	0	0	0	0	0	0	0	0	11	20	20	18	11	5	19	19	1	0	0	0	0	0	0	0	19	18	6	1	0	0	18	20	3	0	0	0	0	0	0	0	4	1	0	0	0	0	18	20	1	0	0	0	0	0	0	0	0	0	0	0	0	3	20	20	1	0	0	0	0	0	0	0	0	0	0	0	0	6	20	18	1	0	0	0	0	1	2	0	0	0	0	0	3	17	20	9	0	0	0	0	0	3	19	7	0	0	3	10	18	20	16	0	0	0	0	0	0	1	19	20	16	18	20	20	20	11	1	0	0	0	0	0	0	0	1	12	18	20	19	12	3	0	0	0	0	0	0
6266	0	0	0	0	3	14	18	20	20	16	12	1	0	0	0	0	0	0	0	0	5	20	20	20	20	20	20	17	1	0	0	0	0	0	0	0	0	4	8	5	5	8	20	20	7	0	0	0	0	0	0	0	0	0	0	0	1	13	20	20	8	0	0	0	0	0	0	0	0	0	2	12	18	20	20	17	0	0	0	0	0	0	0	2	10	14	19	20	20	20	19	6	0	0	0	0	0	0	0	9	20	20	20	20	20	20	6	0	0	0	0	0	0	0	0	2	14	17	17	19	20	20	16	3	0	0	0	0	0	0	0	0	0	0	0	2	7	15	20	19	3	0	0	0	0	0	0	0	0	0	0	0	0	0	16	20	16	0	0	0	0	0	0	0	0	0	0	0	0	0	3	20	20	4	0	0	0	0	0	3	0	0	0	0	0	0	1	20	20	5	0	0	0	0	5	20	19	19	16	0	0	1	8	20	20	6	0	0	0	0	2	18	20	20	20	13	16	18	20	20	20	5	0	0	0	0	0	2	15	20	20	20	20	20	20	20	14	0	0	0	0	0	0	0	0	4	12	18	20	20	15	7	0	0	0	0
6362	0	0	0	0	0	0	6	14	16	12	0	0	0	0	0	0	0	0	0	0	0	10	20	20	16	19	14	0	0	0	0	0	0	0	0	0	5	20	14	5	1	3	18	10	0	0	0	0	0	0	0	0	14	13	0	0	0	0	11	16	0	0	0	0	0	0	0	0	1	0	0	0	0	0	12	15	0	0	0	0	0	0	0	0	0	0	0	0	0	3	19	8	0	0	0	0	0	0	0	0	0	0	0	4	12	20	12	0	0	0	0	0	0	0	0	0	0	0	0	16	17	19	15	3	0	0	0	0	0	0	0	0	0	0	0	0	0	2	12	18	1	0	0	0	0	0	0	0	0	0	0	0	0	0	0	14	13	0	0	0	0	0	0	0	0	0	0	0	0	0	0	4	18	0	0	0	0	0	0	0	0	0	0	0	0	0	0	6	20	1	0	0	0	0	0	0	0	0	0	0	0	0	0	10	15	0	0	0	0	0	0	0	0	0	0	0	0	1	10	19	5	0	0	0	0	0	0	17	13	12	7	7	10	17	18	4	0	0	0	0	0	0	0	4	12	13	17	18	14	7	0	0	0	0	0	0
6398	0	0	0	0	8	15	20	20	19	15	7	0	0	0	0	0	0	0	1	17	20	19	11	10	10	13	20	14	0	0	0	0	0	0	0	15	20	18	4	0	0	0	5	18	12	0	0	0	0	0	0	0	4	4	1	0	0	0	0	10	20	1	0	0	0	0	0	0	0	0	0	0	0	0	1	16	19	0	0	0	0	0	0	0	0	0	0	0	0	0	13	20	10	0	0	0	0	0	0	0	3	6	11	12	12	16	20	13	0	0	0	0	0	0	0	6	20	20	20	20	20	20	19	5	0	0	0	0	0	0	0	2	19	20	20	16	8	6	12	20	7	0	0	0	0	0	0	0	2	5	2	0	0	0	0	8	20	6	0	0	0	0	0	0	0	0	0	0	0	0	0	0	16	15	0	0	0	0	2	13	7	0	0	0	0	0	0	0	16	17	0	0	0	0	16	20	4	0	0	0	0	0	0	5	19	17	0	0	0	0	15	13	0	0	0	0	0	6	14	20	19	7	0	0	0	0	6	19	18	14	14	14	18	20	19	15	6	0	0	0	0	0	0	2	9	15	20	19	15	10	2	0	0	0	0	0
6513	0	0	0	5	15	20	20	16	8	2	0	0	0	0	0	0	0	0	4	20	17	20	20	20	20	19	13	1	0	0	0	0	0	0	0	2	0	2	2	5	11	19	20	14	0	0	0	0	0	0	0	0	0	0	0	0	0	2	14	20	10	0	0	0	0	0	0	0	0	0	0	0	0	0	3	20	15	0	0	0	0	0	0	0	0	0	0	4	7	5	9	20	11	0	0	0	0	0	0	0	0	0	7	20	20	20	20	18	2	0	0	0	0	0	0	0	0	0	7	20	20	20	19	20	8	0	0	0	0	0	0	0	0	0	0	2	3	3	2	17	19	3	0	0	0	0	0	0	0	0	0	0	0	0	0	7	20	12	0	0	0	0	0	0	0	0	0	0	0	0	0	0	20	17	0	0	0	0	10	17	3	0	0	0	0	0	0	0	19	18	0	0	0	0	18	20	10	0	0	0	0	0	0	6	20	14	0	0	0	0	10	20	19	10	4	0	1	3	10	19	20	5	0	0	0	0	0	9	19	20	20	17	18	20	20	19	8	0	0	0	0	0	0	0	3	13	18	20	20	18	11	2	0	0	0	0
6565	0	0	0	3	13	15	15	18	14	7	1	0	0	0	0	0	0	0	0	6	15	17	13	13	15	19	18	6	0	0	0	0	0	0	0	0	0	0	0	0	0	2	12	19	8	0	0	0	0	0	0	0	0	0	0	0	0	0	0	12	19	0	0	0	0	0	0	0	0	0	0	0	0	0	1	16	18	0	0	0	0	0	0	0	0	0	0	0	0	5	16	20	14	0	0	0	0	0	0	0	0	0	0	2	11	20	20	12	2	0	0	0	0	0	0	4	8	11	16	19	19	14	5	0	0	0	0	0	0	0	0	18	20	20	20	20	19	11	1	0	0	0	0	0	0	0	0	3	4	4	4	5	11	18	17	4	0	0	0	0	0	0	0	0	0	0	0	0	0	2	15	18	2	0	0	0	0	0	0	0	0	0	0	0	0	0	1	19	14	0	0	0	0	0	0	0	0	0	0	0	0	0	3	19	17	0	0	0	0	0	0	2	0	0	0	0	0	6	18	20	9	0	0	0	0	0	0	9	15	13	13	14	18	20	20	9	1	0	0	0	0	0	0	0	7	15	20	20	15	9	3	0	0	0	0	0
6578	0	0	0	0	5	10	15	19	20	20	18	5	0	0	0	0	0	0	0	12	20	20	19	18	15	18	20	18	1	0	0	0	0	0	7	20	15	8	2	0	0	0	10	20	12	0	0	0	0	0	0	0	0	0	0	0	0	0	5	20	16	0	0	0	0	0	0	0	0	0	0	0	0	0	6	20	17	0	0	0	0	0	0	0	0	0	0	1	1	2	17	20	10	0	0	0	0	0	0	0	0	8	18	20	20	20	20	17	1	0	0	0	0	0	0	0	1	19	20	20	20	20	20	18	5	0	0	0	0	0	0	0	0	6	14	19	12	9	14	20	20	2	0	0	0	0	0	0	0	0	0	0	0	0	0	11	20	13	0	0	0	0	0	0	0	0	0	0	0	0	0	2	19	20	0	0	0	0	0	0	0	0	0	0	0	0	0	0	17	20	1	0	0	1	10	11	2	0	0	0	0	0	0	0	16	20	4	0	0	7	20	20	16	4	3	2	0	0	0	3	19	20	4	0	0	1	15	20	20	20	20	19	18	18	18	20	20	16	0	0	0	0	1	4	12	15	20	20	20	20	20	20	14	2	0	0
6789	0	0	0	5	18	20	20	15	10	2	0	0	0	0	0	0	0	0	1	18	20	19	20	20	20	20	13	2	0	0	0	0	0	0	0	4	6	1	3	6	10	18	20	18	8	0	0	0	0	0	0	0	0	0	0	0	0	0	10	20	20	5	0	0	0	0	0	0	0	0	0	0	1	11	18	20	20	9	0	0	0	0	0	0	0	0	2	9	17	20	20	20	18	2	0	0	0	0	0	0	3	15	19	20	20	20	19	15	5	0	0	0	0	0	0	0	2	18	20	20	20	20	8	0	0	0	0	0	0	0	0	0	0	1	9	10	10	19	19	7	0	0	0	0	0	0	0	0	0	0	0	0	0	2	18	20	7	0	0	0	0	0	0	0	0	0	0	0	0	0	7	20	18	1	0	0	0	0	4	9	18	3	0	0	0	0	7	20	20	10	0	0	0	0	12	20	10	1	0	0	1	8	19	20	20	12	0	0	0	0	9	20	19	14	12	13	19	20	20	20	18	3	0	0	0	0	0	8	19	20	20	20	20	20	20	16	5	0	0	0	0	0	0	0	0	6	9	13	17	13	5	0	0	0	0	0
6814	0	0	0	0	3	7	10	19	20	20	9	0	0	0	0	0	0	0	0	0	14	20	20	20	20	20	20	11	0	0	0	0	0	0	0	0	4	13	14	10	6	11	20	19	1	0	0	0	0	0	0	0	0	0	0	0	0	11	20	19	2	0	0	0	0	0	0	0	0	0	0	0	7	18	20	18	1	0	0	0	0	0	0	0	0	0	3	14	20	20	20	10	0	0	0	0	0	0	0	0	4	8	19	20	20	20	18	4	0	0	0	0	0	0	0	0	7	20	20	20	19	17	20	19	5	0	0	0	0	0	0	0	2	14	15	9	2	0	9	20	15	1	0	0	0	0	0	0	0	0	0	0	0	0	0	12	20	12	0	0	0	0	0	0	0	0	0	0	0	0	0	3	20	20	3	0	0	0	4	12	4	0	0	0	0	0	0	8	20	20	7	0	0	7	20	19	12	0	0	0	0	0	0	8	20	20	6	0	0	2	18	20	11	4	1	0	0	1	12	20	20	19	1	0	0	0	1	13	20	20	18	18	18	18	20	20	16	6	0	0	0	0	0	0	3	11	14	15	17	19	20	14	2	0	0	0
6815	0	0	0	1	8	12	14	19	18	12	4	0	0	0	0	0	0	0	0	2	16	20	20	20	20	20	20	10	0	0	0	0	0	0	0	0	0	1	1	1	1	3	16	19	1	0	0	0	0	0	0	0	0	0	0	0	0	0	11	20	8	0	0	0	0	0	0	0	0	0	0	0	0	3	19	20	7	0	0	0	0	0	0	0	0	0	0	2	7	18	20	16	1	0	0	0	0	0	0	0	3	11	12	19	20	20	14	1	0	0	0	0	0	0	0	0	13	20	20	20	20	19	9	0	0	0	0	0	0	0	0	0	6	19	11	9	10	18	20	13	0	0	0	0	0	0	0	0	0	0	0	0	0	2	17	20	8	0	0	0	0	0	0	0	0	0	0	0	0	0	6	20	16	1	0	0	0	0	0	1	0	0	0	0	0	0	1	19	20	4	0	0	0	0	3	18	1	0	0	0	0	0	6	20	20	3	0	0	0	0	3	20	13	7	5	1	4	13	19	20	17	0	0	0	0	0	0	10	19	20	20	20	20	20	20	19	6	0	0	0	0	0	0	0	1	8	11	15	20	16	8	2	0	0	0	0
6961	0	0	0	0	2	9	14	17	15	15	5	0	0	0	0	0	0	0	0	0	18	20	20	19	19	20	18	7	0	0	0	0	0	0	0	6	20	14	8	1	0	4	12	20	6	0	0	0	0	0	0	0	6	2	0	0	0	0	8	20	8	0	0	0	0	0	0	0	0	0	0	0	2	10	19	19	4	0	0	0	0	0	0	0	0	0	2	11	19	20	18	3	0	0	0	0	0	0	0	0	0	6	18	20	20	16	10	3	0	0	0	0	0	0	0	0	4	18	17	16	20	20	20	19	3	0	0	0	0	0	0	0	0	0	0	0	0	4	5	9	18	13	1	0	0	0	0	0	0	0	0	0	0	0	0	0	3	19	14	0	0	0	0	0	0	0	0	0	0	0	0	0	0	17	16	0	0	2	0	0	0	0	0	0	0	0	0	0	4	20	13	0	0	14	12	1	0	0	0	0	0	0	0	5	19	20	9	0	0	4	19	18	11	5	4	0	2	4	10	19	20	15	1	0	0	0	5	18	20	20	20	19	19	20	20	20	10	0	0	0	0	0	0	0	9	14	20	19	15	13	3	3	0	0	0	0
6971	0	0	0	3	18	16	10	20	20	15	11	2	0	0	0	0	0	0	0	10	20	18	19	20	20	20	20	18	3	0	0	0	0	0	0	2	13	2	1	3	8	12	20	20	12	0	0	0	0	0	0	0	0	0	0	0	0	14	20	19	4	0	0	0	0	0	0	0	0	0	0	4	15	20	19	8	0	0	0	0	0	0	0	0	2	11	14	20	20	18	3	0	0	0	0	0	0	0	0	0	11	20	20	20	20	20	10	1	0	0	0	0	0	0	0	0	3	9	2	8	17	20	20	13	0	0	0	0	0	0	0	0	0	0	0	0	0	9	20	20	6	0	0	0	0	0	0	0	0	0	0	0	0	0	15	20	14	0	0	0	0	0	0	0	0	0	0	0	0	0	7	20	19	1	0	0	0	0	0	0	0	0	0	0	0	0	7	20	20	2	0	0	0	0	1	13	1	0	0	0	0	2	16	20	17	0	0	0	0	0	3	20	11	2	1	5	11	19	20	17	3	0	0	0	0	0	0	12	20	19	19	20	20	20	16	4	0	0	0	0	0	0	0	0	9	15	15	17	12	6	0	0	0	0	0	0
7252	0	0	0	0	0	0	0	4	9	16	17	3	0	0	0	0	0	0	0	0	7	11	16	20	18	11	17	11	0	0	0	0	0	0	0	1	15	17	11	5	0	0	18	10	0	0	0	0	0	0	0	0	0	0	0	0	0	6	20	4	0	0	0	0	0	0	0	0	0	0	0	0	0	16	14	0	0	0	0	0	0	0	0	0	0	0	0	0	9	20	4	0	0	0	0	0	0	0	0	0	0	11	17	16	19	11	0	0	0	0	0	0	0	0	0	0	12	20	20	20	19	12	0	0	0	0	0	0	0	0	0	0	16	20	19	10	3	18	8	0	0	0	0	0	0	0	0	0	1	7	2	0	0	5	19	4	0	0	0	0	0	0	0	0	0	0	0	0	0	0	15	14	0	0	0	0	0	0	0	0	0	0	0	0	0	0	8	18	0	0	0	0	0	0	0	0	4	7	0	0	0	0	9	20	1	0	0	0	0	0	0	0	13	12	0	0	0	2	18	18	0	0	0	0	0	0	0	0	6	19	10	9	12	19	19	6	0	0	0	0	0	0	0	0	0	6	15	20	20	14	4	0	0	0	0	0
7263	0	0	0	5	10	10	10	10	15	15	19	9	0	0	0	0	0	0	0	9	20	20	20	20	20	20	20	20	1	0	0	0	0	0	0	0	11	15	15	13	10	9	20	20	4	0	0	0	0	0	0	0	0	0	0	0	0	9	20	16	0	0	0	0	0	0	0	0	0	0	0	0	7	20	20	8	0	0	0	0	0	0	0	0	0	0	0	3	19	20	17	1	0	0	0	0	0	0	0	0	0	0	3	17	20	19	4	0	0	0	0	0	0	0	0	0	0	0	5	20	20	13	0	0	0	0	0	0	0	0	0	0	0	0	0	8	20	20	17	8	0	0	0	0	0	0	0	0	0	0	0	0	3	14	20	20	16	0	0	0	0	0	7	10	0	0	0	0	0	0	2	15	20	13	0	0	0	0	16	14	0	0	0	0	0	0	0	8	20	16	0	0	0	0	15	19	2	0	0	0	0	0	0	15	20	9	0	0	0	0	5	20	16	7	1	0	0	2	14	20	20	5	0	0	0	0	0	5	19	20	20	20	20	20	20	20	9	0	0	0	0	0	0	0	2	9	14	15	19	18	12	3	0	0	0	0
