10
579	0	0	0	0	0	4	16	17	3	0	0	0	0	0	0	0	0	0	0	0	1	17	20	20	11	0	0	0	0	0	0	0	0	0	0	0	13	20	20	17	20	16	7	0	0	0	0	0	0	0	0	8	20	20	17	2	12	20	20	15	4	0	0	0	0	0	1	19	20	19	4	0	0	7	17	20	19	6	0	0	0	0	8	20	20	6	0	0	0	0	2	15	20	18	2	0	0	2	18	20	18	0	0	0	0	0	0	0	13	20	11	0	0	10	20	20	9	0	0	0	0	0	0	0	6	20	18	0	0	13	20	17	1	0	0	0	0	0	0	0	5	20	19	1	1	19	20	12	0	0	0	0	0	0	0	0	7	20	18	0	0	18	20	10	0	0	0	0	0	0	0	0	13	20	16	0	0	13	20	12	0	0	0	0	0	0	0	6	19	20	11	0	0	8	20	19	3	0	0	0	0	1	11	19	20	16	1	0	0	2	15	20	20	13	12	8	12	20	20	20	19	3	0	0	0	0	3	17	20	20	20	20	20	20	19	11	3	0	0	0	0	0	0	2	9	15	20	17	13	8	2	0	0	0	0	0
2180	0	0	0	0	0	11	20	20	11	2	0	0	0	0	0	0	0	0	0	6	16	20	20	20	20	20	11	0	0	0	0	0	0	0	0	17	20	20	20	19	20	20	20	14	0	0	0	0	0	0	3	20	20	20	19	9	6	16	20	20	9	0	0	0	0	0	13	20	20	13	3	0	0	1	13	20	20	12	0	0	0	3	18	20	17	1	0	0	0	0	0	18	20	19	2	0	0	10	20	20	13	0	0	0	0	0	0	8	20	20	13	0	0	14	20	19	5	0	0	0	0	0	0	1	20	20	18	0	0	17	20	18	0	0	0	0	0	0	0	0	17	20	20	2	4	19	20	15	0	0	0	0	0	0	0	0	13	20	20	6	9	20	20	14	0	0	0	0	0	0	0	0	16	20	20	10	7	20	20	11	0	0	0	0	0	0	1	9	19	20	20	5	3	20	20	19	15	6	2	8	8	8	13	20	20	20	11	1	0	10	20	20	20	20	19	20	20	20	20	20	18	8	0	0	0	0	9	18	20	20	20	20	20	20	20	14	1	0	0	0	0	0	0	2	16	20	20	20	18	10	10	1	0	0	0	0
2205	0	0	0	0	0	11	19	20	17	8	1	0	0	0	0	0	0	0	0	0	1	20	20	20	20	20	16	2	0	0	0	0	0	0	0	1	13	20	20	20	17	19	20	17	1	0	0	0	0	0	1	16	20	20	20	20	19	4	16	20	14	0	0	0	0	0	11	20	20	17	8	7	15	4	2	19	20	7	0	0	0	1	20	20	18	2	0	0	0	0	0	10	20	16	0	0	0	7	20	20	8	0	0	0	0	0	0	2	20	20	4	0	0	12	20	20	1	0	0	0	0	0	0	0	18	20	8	0	0	16	20	16	0	0	0	0	0	0	0	0	18	20	16	0	0	17	20	13	0	0	0	0	0	0	0	1	20	20	14	0	0	16	20	14	0	0	0	0	0	0	0	8	20	20	10	0	0	11	20	16	0	0	0	0	0	0	3	18	20	20	3	0	0	4	20	20	7	0	0	0	0	7	18	20	20	12	0	0	0	0	13	20	20	15	11	12	17	20	20	20	14	0	0	0	0	0	1	14	20	20	20	20	20	20	20	13	1	0	0	0	0	0	0	0	7	14	20	20	20	14	5	0	0	0	0	0
2807	0	0	0	0	0	0	5	18	9	0	0	0	0	0	0	0	0	0	0	0	0	7	19	20	20	6	0	0	0	0	0	0	0	0	0	0	10	20	20	20	20	19	6	0	0	0	0	0	0	0	0	4	19	20	18	15	20	20	20	11	1	0	0	0	0	0	1	19	20	20	7	1	11	20	20	20	16	2	0	0	0	0	11	20	20	9	0	0	0	2	17	20	20	12	0	0	0	1	18	20	15	1	0	0	0	0	1	16	20	20	2	0	0	8	20	20	8	0	0	0	0	0	0	4	20	20	11	0	0	12	20	20	2	0	0	0	0	0	0	0	16	20	15	0	0	15	20	20	2	0	0	0	0	0	0	0	15	20	15	0	0	15	20	15	0	0	0	0	0	0	0	1	18	20	15	0	0	14	20	18	2	0	0	0	0	0	0	7	20	20	11	0	0	10	20	20	14	1	0	0	0	2	8	20	20	19	2	0	0	1	16	20	20	17	10	17	17	18	20	20	19	6	0	0	0	0	4	16	20	20	20	20	20	20	20	20	6	0	0	0	0	0	0	1	9	18	20	20	20	20	14	4	0	0	0	0
4174	0	0	0	0	1	11	15	20	20	12	1	0	0	0	0	0	0	0	0	0	11	20	20	20	20	20	15	2	0	0	0	0	0	0	0	6	20	20	19	13	13	16	20	13	0	0	0	0	0	0	3	18	20	18	5	0	0	0	17	19	5	0	0	0	0	0	15	20	20	9	0	0	0	0	6	20	15	1	0	0	0	2	19	20	19	1	0	0	0	0	0	13	20	5	0	0	0	7	20	20	14	0	0	0	0	0	0	2	20	17	0	0	0	15	20	20	6	0	0	0	0	0	0	0	16	20	8	0	0	16	20	19	1	0	0	0	0	0	0	0	5	20	15	0	0	18	20	15	0	0	0	0	0	0	0	0	7	20	19	0	0	17	20	14	0	0	0	0	0	0	0	1	16	20	15	0	0	19	20	14	0	0	0	0	0	0	0	12	20	20	3	0	0	14	20	18	0	0	0	0	1	6	13	20	20	14	0	0	0	2	20	20	17	13	13	14	20	20	20	20	18	2	0	0	0	0	6	19	20	20	20	20	20	20	19	12	1	0	0	0	0	0	0	4	14	20	20	20	14	6	3	0	0	0	0	0
4882	0	0	0	0	0	3	13	20	19	10	0	0	0	0	0	0	0	0	0	0	7	19	20	20	20	20	12	0	0	0	0	0	0	0	0	5	19	20	16	18	20	20	19	8	0	0	0	0	0	0	2	19	20	15	1	3	3	8	20	20	4	0	0	0	0	0	9	20	18	2	0	0	0	0	13	20	15	0	0	0	0	0	14	20	14	0	0	0	0	0	1	17	20	6	0	0	0	0	16	20	11	0	0	0	0	0	0	8	20	15	0	0	0	4	20	20	5	0	0	0	0	0	0	5	20	19	4	0	0	8	20	19	0	0	0	0	0	0	0	0	17	20	8	0	0	11	20	14	0	0	0	0	0	0	0	0	15	20	10	0	0	9	20	16	1	0	0	0	0	0	0	0	15	20	11	0	0	7	20	20	5	0	0	0	0	0	0	3	20	19	4	0	0	6	20	20	9	0	0	0	0	0	2	16	20	17	0	0	0	0	12	20	20	7	5	5	8	15	20	20	18	3	0	0	0	0	1	15	20	20	20	20	20	20	20	15	4	0	0	0	0	0	0	1	11	20	20	20	18	13	9	1	0	0	0	0
4945	0	0	0	0	1	13	20	18	12	1	0	0	0	0	0	0	0	0	0	0	12	20	20	20	20	16	2	0	0	0	0	0	0	0	0	4	20	20	16	11	13	20	17	9	1	0	0	0	0	0	1	13	20	15	1	0	0	16	20	20	15	0	0	0	0	0	6	20	20	5	0	0	0	5	20	20	20	9	0	0	0	0	15	20	16	0	0	0	0	0	5	16	20	17	0	0	0	1	18	20	11	0	0	0	0	0	0	7	20	18	0	0	0	5	20	20	6	0	0	0	0	0	0	3	20	20	6	0	0	4	20	20	5	0	0	0	0	0	0	2	20	20	9	0	0	3	20	19	0	0	0	0	0	0	0	1	20	20	10	0	0	6	20	20	0	0	0	0	0	0	0	4	20	20	7	0	0	10	20	20	1	0	0	0	0	0	0	7	20	20	3	0	0	9	20	20	12	6	0	0	0	0	1	15	20	13	1	0	0	0	14	20	20	20	19	19	17	11	8	20	18	4	0	0	0	0	1	12	19	20	20	20	20	20	20	17	1	0	0	0	0	0	0	0	2	11	13	20	20	20	16	6	0	0	0	0
5957	0	0	0	0	0	6	20	20	11	0	0	0	0	0	0	0	0	0	0	0	3	19	20	20	20	6	0	0	0	0	0	0	0	0	0	0	10	20	17	18	20	18	8	0	0	0	0	0	0	0	0	5	20	19	3	1	13	20	20	10	0	0	0	0	0	0	0	16	20	14	0	0	0	8	20	20	7	0	0	0	0	0	8	20	20	5	0	0	0	0	6	20	18	2	0	0	0	1	18	20	12	0	0	0	0	0	0	10	20	11	0	0	0	2	20	20	4	0	0	0	0	0	0	4	20	18	1	0	0	5	20	18	0	0	0	0	0	0	0	0	16	20	5	0	0	8	20	19	0	0	0	0	0	0	0	0	15	20	7	0	0	6	20	17	0	0	0	0	0	0	0	1	19	20	7	0	0	4	20	20	3	0	0	0	0	0	0	11	20	13	0	0	0	1	18	20	10	0	0	0	0	0	5	20	17	2	0	0	0	0	10	20	20	15	7	5	9	14	20	20	3	0	0	0	0	0	0	12	20	20	20	20	20	20	20	11	0	0	0	0	0	0	0	0	5	13	20	20	20	13	5	0	0	0	0	0
6184	0	0	0	0	0	16	20	20	10	1	0	0	0	0	0	0	0	0	0	0	8	20	20	20	20	14	1	0	0	0	0	0	0	0	0	3	19	20	20	20	20	20	18	5	0	0	0	0	0	0	1	16	20	20	11	7	11	18	20	19	4	0	0	0	0	0	6	20	20	15	0	0	0	4	18	20	15	0	0	0	0	1	16	20	20	6	0	0	0	0	3	18	20	10	0	0	0	3	20	20	17	2	0	0	0	0	0	10	20	18	3	0	0	8	20	20	7	0	0	0	0	0	0	4	19	20	5	0	0	12	20	20	4	0	0	0	0	0	0	0	16	20	14	0	0	14	20	17	1	0	0	0	0	0	0	0	15	20	13	0	0	13	20	17	0	0	0	0	0	0	0	2	19	20	8	0	0	12	20	19	4	0	0	0	0	0	0	9	20	20	7	0	0	11	20	20	11	0	0	0	0	7	13	20	20	15	0	0	0	2	19	20	20	19	15	16	19	20	20	20	18	3	0	0	0	0	6	19	20	20	20	20	20	20	20	13	3	0	0	0	0	0	0	5	12	20	20	19	12	12	3	1	0	0	0	0
7026	0	0	0	0	0	2	12	19	13	2	0	0	0	0	0	0	0	0	0	0	7	19	20	20	20	14	1	0	0	0	0	0	0	0	0	7	20	20	20	20	20	20	15	4	0	0	0	0	0	0	5	20	20	18	3	7	13	20	20	19	5	0	0	0	0	0	16	20	20	5	0	0	0	5	17	20	18	2	0	0	0	2	19	20	15	0	0	0	0	0	2	16	20	12	0	0	0	2	20	20	8	0	0	0	0	0	0	5	20	19	0	0	0	6	20	20	6	0	0	0	0	0	0	0	12	20	8	0	0	7	20	20	4	0	0	0	0	0	0	0	12	20	8	0	0	8	20	20	6	0	0	0	0	0	0	0	16	20	5	0	0	6	20	20	8	0	0	0	0	0	0	8	20	20	1	0	0	4	20	20	14	0	0	0	0	0	3	19	20	11	0	0	0	0	16	20	19	4	0	0	0	5	19	20	15	1	0	0	0	0	5	20	20	19	14	14	18	20	20	19	3	0	0	0	0	0	0	10	19	20	20	20	20	20	18	7	0	0	0	0	0	0	0	0	4	12	17	20	16	7	1	0	0	0	0	0
