12
191	0	0	0	0	0	0	4	14	18	15	4	0	0	0	0	0	0	0	0	0	0	8	19	20	19	19	19	4	0	0	0	0	0	0	0	0	0	17	20	12	2	14	20	12	0	0	0	0	0	0	0	0	1	20	20	2	3	19	20	4	0	0	0	0	0	0	0	0	2	20	16	0	14	20	15	0	0	0	0	0	0	0	0	0	0	15	17	9	20	18	4	0	0	0	0	0	0	0	0	0	0	7	20	20	20	8	0	0	0	0	0	0	0	0	0	0	0	2	20	20	16	1	0	0	0	0	0	0	0	0	0	0	0	11	20	20	18	3	0	0	0	0	0	0	0	0	0	0	3	19	20	15	19	16	0	0	0	0	0	0	0	0	0	0	11	20	18	1	6	20	11	0	0	0	0	0	0	0	0	0	14	20	9	0	0	16	19	1	0	0	0	0	0	0	0	0	7	20	11	0	0	11	20	7	0	0	0	0	0	0	0	0	1	17	19	7	1	17	20	10	0	0	0	0	0	0	0	0	0	1	15	20	18	20	20	4	0	0	0	0	0	0	0	0	0	0	1	8	19	18	7	0	0	0	0	0
291	0	0	0	0	0	0	0	1	9	19	9	0	0	0	0	0	0	0	0	0	1	14	16	18	19	15	20	4	0	0	0	0	0	0	0	0	7	20	15	14	19	10	20	6	0	0	0	0	0	0	0	0	4	20	9	0	4	16	20	7	0	0	0	0	0	0	0	0	0	16	17	0	0	13	20	4	0	0	0	0	0	0	0	0	0	3	20	6	5	19	18	0	0	0	0	0	0	0	0	0	0	0	14	17	17	20	7	0	0	0	0	0	0	0	0	0	0	0	3	20	20	9	0	0	0	0	0	0	0	0	0	0	0	1	15	20	19	2	0	0	0	0	0	0	0	0	0	0	0	9	20	11	20	10	0	0	0	0	0	0	0	0	0	0	0	15	19	1	10	19	3	0	0	0	0	0	0	0	0	0	0	18	16	0	2	19	12	0	0	0	0	0	0	0	0	0	0	13	16	0	0	13	19	0	0	0	0	0	0	0	0	0	0	6	20	4	0	12	20	2	0	0	0	0	0	0	0	0	0	0	13	17	13	19	19	1	0	0	0	0	0	0	0	0	0	0	0	10	16	16	7	0	0	0	0	0
550	0	0	0	0	0	0	4	18	20	18	5	0	0	0	0	0	0	0	0	0	0	8	19	20	17	16	19	3	0	0	0	0	0	0	0	0	1	19	20	12	1	9	20	5	0	0	0	0	0	0	0	0	5	20	15	0	0	15	20	6	0	0	0	0	0	0	0	0	5	20	15	0	1	18	15	1	0	0	0	0	0	0	0	0	0	17	19	2	9	19	7	0	0	0	0	0	0	0	0	0	0	7	20	17	19	13	0	0	0	0	0	0	0	0	0	0	0	0	11	20	20	6	0	0	0	0	0	0	0	0	0	0	0	0	6	20	20	7	0	0	0	0	0	0	0	0	0	0	0	1	17	20	20	16	1	0	0	0	0	0	0	0	0	0	0	4	20	15	8	20	9	0	0	0	0	0	0	0	0	0	0	10	20	8	1	19	17	0	0	0	0	0	0	0	0	0	0	16	20	3	0	16	18	0	0	0	0	0	0	0	0	0	0	18	20	1	1	19	20	3	0	0	0	0	0	0	0	0	0	11	20	11	15	20	13	0	0	0	0	0	0	0	0	0	0	0	12	19	20	17	2	0	0	0	0	0
725	0	0	0	0	0	0	4	14	19	13	3	0	0	0	0	0	0	0	0	0	0	5	20	18	8	8	19	4	0	0	0	0	0	0	0	0	2	19	14	1	0	10	17	1	0	0	0	0	0	0	0	0	5	20	3	0	0	19	10	0	0	0	0	0	0	0	0	0	2	20	6	0	4	20	6	0	0	0	0	0	0	0	0	0	0	15	13	0	12	14	0	0	0	0	0	0	0	0	0	0	0	3	19	10	19	7	0	0	0	0	0	0	0	0	0	0	0	0	8	20	18	0	0	0	0	0	0	0	0	0	0	0	0	0	1	20	18	3	0	0	0	0	0	0	0	0	0	0	0	0	4	19	15	16	0	0	0	0	0	0	0	0	0	0	0	0	8	16	4	20	4	0	0	0	0	0	0	0	0	0	0	0	15	9	0	18	8	0	0	0	0	0	0	0	0	0	0	5	19	2	0	15	13	0	0	0	0	0	0	0	0	0	0	13	19	0	2	19	11	0	0	0	0	0	0	0	0	0	0	8	17	4	15	18	2	0	0	0	0	0	0	0	0	0	0	1	13	20	19	3	0	0	0	0	0	0
1462	0	0	0	0	0	0	0	7	20	20	11	0	0	0	0	0	0	0	0	0	1	12	20	20	20	20	20	7	0	0	0	0	0	0	0	0	6	20	20	15	3	15	20	14	0	0	0	0	0	0	0	0	13	20	16	0	0	13	20	14	0	0	0	0	0	0	0	0	15	20	17	2	1	18	20	10	0	0	0	0	0	0	0	0	10	20	20	10	6	20	17	1	0	0	0	0	0	0	0	0	0	17	20	20	20	20	5	0	0	0	0	0	0	0	0	0	0	3	18	20	20	14	0	0	0	0	0	0	0	0	0	0	0	0	10	20	20	12	0	0	0	0	0	0	0	0	0	0	0	0	14	20	20	20	6	0	0	0	0	0	0	0	0	0	0	5	20	17	18	20	15	0	0	0	0	0	0	0	0	0	0	10	20	4	12	20	18	1	0	0	0	0	0	0	0	0	0	12	20	4	7	20	20	2	0	0	0	0	0	0	0	0	0	12	20	11	16	20	19	0	0	0	0	0	0	0	0	0	0	7	20	20	20	20	11	0	0	0	0	0	0	0	0	0	0	0	10	20	20	12	1	0	0	0	0	0
1702	0	0	0	0	0	1	15	20	12	1	0	0	0	0	0	0	0	0	0	0	0	14	20	11	14	17	3	0	0	0	0	0	0	0	0	0	0	16	18	0	0	12	19	4	0	0	0	0	0	0	0	0	0	13	19	0	0	12	20	10	0	0	0	0	0	0	0	0	0	9	20	6	3	19	20	5	0	0	0	0	0	0	0	0	0	1	20	13	12	20	16	0	0	0	0	0	0	0	0	0	0	0	14	19	18	20	8	0	0	0	0	0	0	0	0	0	0	0	5	20	20	18	0	0	0	0	0	0	0	0	0	0	0	0	1	19	20	9	0	0	0	0	0	0	0	0	0	0	0	0	6	20	20	12	0	0	0	0	0	0	0	0	0	0	0	4	18	19	15	19	4	0	0	0	0	0	0	0	0	0	0	16	20	7	2	20	11	0	0	0	0	0	0	0	0	0	6	20	16	0	0	14	18	0	0	0	0	0	0	0	0	0	9	20	8	0	0	8	20	6	0	0	0	0	0	0	0	0	2	19	15	12	12	18	20	8	0	0	0	0	0	0	0	0	0	3	14	18	20	16	12	0	0	0	0	0
2459	0	0	0	0	0	0	0	0	15	15	1	0	0	0	0	0	0	0	0	0	0	8	9	5	20	20	10	0	0	0	0	0	0	0	0	0	0	17	20	14	10	20	16	0	0	0	0	0	0	0	0	0	0	14	20	3	3	20	14	0	0	0	0	0	0	0	0	0	0	9	20	5	14	20	7	0	0	0	0	0	0	0	0	0	0	4	19	17	20	19	1	0	0	0	0	0	0	0	0	0	0	0	14	20	20	9	0	0	0	0	0	0	0	0	0	0	0	0	8	20	20	4	0	0	0	0	0	0	0	0	0	0	0	0	5	20	20	7	0	0	0	0	0	0	0	0	0	0	0	1	18	20	20	17	1	0	0	0	0	0	0	0	0	0	0	5	20	14	15	20	8	0	0	0	0	0	0	0	0	0	0	14	20	2	4	20	17	0	0	0	0	0	0	0	0	0	0	17	20	2	2	20	19	1	0	0	0	0	0	0	0	0	0	17	20	8	4	20	17	0	0	0	0	0	0	0	0	0	0	4	18	20	20	20	12	0	0	0	0	0	0	0	0	0	0	0	2	14	20	12	1	0	0	0	0	0
4218	0	0	0	0	0	0	1	9	17	20	18	6	0	0	0	0	0	0	0	0	0	7	18	20	19	16	20	7	0	0	0	0	0	0	0	0	5	20	20	15	3	3	20	12	0	0	0	0	0	0	0	0	12	20	9	0	0	5	20	12	0	0	0	0	0	0	0	0	12	20	2	0	1	17	20	6	0	0	0	0	0	0	0	0	2	17	10	0	10	20	14	0	0	0	0	0	0	0	0	0	0	2	18	11	19	19	3	0	0	0	0	0	0	0	0	0	0	0	3	20	20	8	0	0	0	0	0	0	0	0	0	0	0	0	6	20	20	6	0	0	0	0	0	0	0	0	0	0	0	0	17	20	10	18	1	0	0	0	0	0	0	0	0	0	0	0	18	15	0	14	13	0	0	0	0	0	0	0	0	0	0	2	20	8	0	8	20	2	0	0	0	0	0	0	0	0	0	10	20	4	0	9	20	5	0	0	0	0	0	0	0	0	0	10	20	2	0	14	20	4	0	0	0	0	0	0	0	0	0	2	19	10	11	20	16	0	0	0	0	0	0	0	0	0	0	0	4	16	20	16	2	0	0	0	0	0
4430	0	0	0	0	0	3	12	16	19	11	2	0	0	0	0	0	0	0	0	0	1	18	20	20	18	16	19	1	0	0	0	0	0	0	0	0	10	20	17	4	0	2	20	10	0	0	0	0	0	0	0	0	10	20	11	0	0	12	20	11	0	0	0	0	0	0	0	0	1	19	15	0	6	20	16	0	0	0	0	0	0	0	0	0	0	8	20	8	18	19	2	0	0	0	0	0	0	0	0	0	0	0	13	20	20	9	0	0	0	0	0	0	0	0	0	0	0	0	8	20	19	1	0	0	0	0	0	0	0	0	0	0	0	0	14	20	20	4	0	0	0	0	0	0	0	0	0	0	0	6	20	19	20	13	0	0	0	0	0	0	0	0	0	0	0	15	18	4	17	20	1	0	0	0	0	0	0	0	0	0	5	19	7	0	12	20	6	0	0	0	0	0	0	0	0	0	13	20	4	0	10	20	12	0	0	0	0	0	0	0	0	0	4	20	8	0	12	20	13	0	0	0	0	0	0	0	0	0	0	6	19	17	20	20	9	0	0	0	0	0	0	0	0	0	0	0	2	12	20	12	1	0	0	0	0	0
5973	0	0	0	0	0	0	7	17	16	0	0	0	0	0	0	0	0	0	0	0	0	3	20	20	12	3	8	0	0	0	0	0	0	0	0	0	0	13	20	13	0	7	20	5	0	0	0	0	0	0	0	0	0	15	20	4	0	11	20	3	0	0	0	0	0	0	0	0	0	13	20	7	3	19	19	1	0	0	0	0	0	0	0	0	0	6	20	15	14	20	10	0	0	0	0	0	0	0	0	0	0	0	14	20	20	16	0	0	0	0	0	0	0	0	0	0	0	0	6	20	20	8	0	0	0	0	0	0	0	0	0	0	0	0	11	20	20	16	0	0	0	0	0	0	0	0	0	0	0	10	19	13	11	20	7	0	0	0	0	0	0	0	0	0	1	20	18	2	6	20	14	0	0	0	0	0	0	0	0	0	5	20	13	0	2	20	18	0	0	0	0	0	0	0	0	0	5	20	14	0	3	20	18	0	0	0	0	0	0	0	0	0	1	20	19	5	13	20	16	0	0	0	0	0	0	0	0	0	0	6	20	20	20	20	9	0	0	0	0	0	0	0	0	0	0	0	5	15	20	11	0	0	0	0	0	0
6576	0	0	0	0	0	0	2	13	20	18	8	0	0	0	0	0	0	0	0	0	0	5	19	20	15	18	20	8	0	0	0	0	0	0	0	0	3	19	19	7	0	1	8	13	0	0	0	0	0	0	0	0	15	20	6	0	7	8	0	0	0	0	0	0	0	0	0	0	16	20	4	0	13	14	0	0	0	0	0	0	0	0	0	0	7	20	14	0	14	14	0	0	0	0	0	0	0	0	0	0	0	15	20	11	18	12	0	0	0	0	0	0	0	0	0	0	0	1	17	20	20	7	0	0	0	0	0	0	0	0	0	0	0	0	3	20	20	4	0	0	0	0	0	0	0	0	0	0	0	0	6	20	20	13	0	0	0	0	0	0	0	0	0	0	0	0	13	19	18	19	3	0	0	0	0	0	0	0	0	0	0	4	20	9	12	20	5	0	0	0	0	0	0	0	0	0	0	15	19	1	7	20	7	0	0	0	0	0	0	0	0	0	0	20	14	0	5	20	9	0	0	0	0	0	0	0	0	0	0	17	20	18	19	20	7	0	0	0	0	0	0	0	0	0	0	4	13	19	18	12	1	0	0	0	0	0
6735	0	0	0	0	0	0	0	2	11	18	3	0	0	0	0	0	0	0	0	0	0	1	11	18	20	17	11	0	0	0	0	0	0	0	0	0	0	13	20	15	4	8	18	0	0	0	0	0	0	0	0	0	2	20	14	0	0	11	15	0	0	0	0	0	0	0	0	0	1	20	8	0	0	17	11	0	0	0	0	0	0	0	0	0	0	14	15	0	1	19	7	0	0	0	0	0	0	0	0	0	0	3	19	7	8	20	4	0	0	0	0	0	0	0	0	0	0	0	9	20	19	18	0	0	0	0	0	0	0	0	0	0	0	0	0	12	20	12	0	0	0	0	0	0	0	0	0	0	0	0	0	14	20	18	1	0	0	0	0	0	0	0	0	0	0	0	7	20	16	17	11	0	0	0	0	0	0	0	0	0	0	0	18	20	4	8	19	1	0	0	0	0	0	0	0	0	0	5	20	14	0	7	20	2	0	0	0	0	0	0	0	0	0	7	20	6	3	17	17	1	0	0	0	0	0	0	0	0	0	6	19	7	19	18	4	0	0	0	0	0	0	0	0	0	0	1	12	18	11	3	0	0	0	0	0	0
