10
481	0	0	0	0	0	1	10	20	16	9	1	0	0	0	0	0	0	0	0	0	0	10	20	20	20	20	18	8	0	0	0	0	0	0	0	0	9	19	20	20	20	20	20	20	13	2	0	0	0	0	0	10	20	20	20	20	18	7	4	19	20	10	0	0	0	0	3	17	20	20	20	18	5	0	0	13	20	19	1	0	0	0	16	20	20	20	20	8	0	0	0	11	20	20	7	0	0	7	19	20	20	20	12	1	0	0	0	7	20	20	12	0	0	8	20	20	20	19	1	0	0	0	0	6	20	20	16	0	0	16	20	20	20	15	0	0	0	0	0	13	20	20	13	0	0	13	20	20	20	5	0	0	0	0	0	15	20	20	10	0	0	10	20	20	17	2	0	0	0	0	9	20	20	20	7	0	0	4	20	20	19	1	0	0	0	7	20	20	20	18	3	0	0	0	17	20	20	7	5	7	11	18	20	20	20	12	0	0	0	0	6	19	20	20	19	20	20	20	20	20	19	1	0	0	0	0	0	3	16	20	20	20	20	20	20	20	14	0	0	0	0	0	0	0	0	7	18	20	20	20	16	7	1	0	0	0
892	0	0	0	0	0	0	0	3	15	12	2	0	0	0	0	0	0	0	0	0	0	3	10	19	20	20	14	0	0	0	0	0	0	0	0	0	7	19	20	20	20	20	19	7	0	0	0	0	0	0	0	0	17	20	20	20	20	17	20	20	15	4	0	0	0	0	0	8	20	20	20	20	12	0	4	17	20	17	0	0	0	0	4	19	20	20	20	7	0	0	0	15	20	20	5	0	0	0	15	20	20	20	17	0	0	0	0	15	20	20	9	0	0	2	20	20	20	18	2	0	0	0	0	15	20	20	10	0	0	9	20	20	20	4	0	0	0	0	0	12	20	16	6	0	0	14	20	20	18	1	0	0	0	0	0	14	20	20	5	0	0	13	20	20	13	0	0	0	0	0	3	17	20	20	15	0	0	8	20	20	10	0	0	0	0	0	9	20	20	20	8	0	0	0	16	20	15	0	0	0	2	12	20	20	20	20	4	0	0	0	3	19	20	18	18	18	19	20	20	20	20	8	0	0	0	0	0	3	15	20	20	20	20	20	20	19	9	0	0	0	0	0	0	0	0	7	15	20	20	17	11	4	0	0	0	0
1597	0	0	0	0	0	0	14	20	20	15	8	0	0	0	0	0	0	0	0	0	0	13	20	20	20	20	20	15	0	0	0	0	0	0	0	2	14	20	20	20	20	20	20	20	16	0	0	0	0	0	0	11	20	20	20	20	20	20	13	20	20	8	0	0	0	0	9	19	20	20	20	16	5	3	0	16	20	19	9	0	0	1	17	20	20	20	14	2	0	0	0	11	20	20	13	0	0	7	20	20	20	15	2	0	0	0	0	8	20	20	14	0	0	15	20	20	20	7	0	0	0	0	0	7	20	20	19	2	2	20	20	20	17	1	0	0	0	0	0	8	20	20	20	2	2	19	20	20	12	0	0	0	0	0	1	16	20	20	16	0	0	14	20	20	13	0	0	0	0	0	5	20	20	20	9	0	0	11	20	20	19	2	0	0	0	0	13	20	20	20	9	0	0	1	19	20	20	12	2	10	12	12	19	20	20	19	2	0	0	0	5	18	20	20	20	20	20	20	20	20	20	12	0	0	0	0	0	5	16	20	20	20	20	20	20	20	15	3	0	0	0	0	0	0	0	9	16	20	20	20	20	14	0	0	0	0
2099	0	0	0	0	0	1	14	20	20	14	5	0	0	0	0	0	0	0	0	0	0	9	20	20	20	20	19	8	0	0	0	0	0	0	0	0	8	19	20	20	20	20	20	19	11	0	0	0	0	0	0	1	18	20	19	13	13	13	20	20	20	3	0	0	0	0	1	16	20	20	20	4	0	3	20	20	20	5	0	0	0	0	10	20	20	20	14	0	0	0	14	20	20	14	0	0	0	0	15	20	20	19	4	0	0	0	5	20	20	19	1	0	0	1	19	20	20	16	0	0	0	0	0	16	20	20	3	0	0	5	20	20	20	14	0	0	0	0	1	19	20	20	4	0	0	6	20	20	20	13	0	0	0	0	0	17	20	20	4	0	0	4	20	20	20	5	0	0	0	0	3	20	20	19	1	0	0	1	18	20	20	3	0	0	0	0	8	20	20	15	0	0	0	0	10	20	20	12	7	7	7	7	16	20	20	14	0	0	0	0	2	14	20	20	20	20	20	20	20	20	20	5	0	0	0	0	0	0	13	20	20	20	20	20	20	20	18	1	0	0	0	0	0	0	0	8	16	20	20	20	17	10	3	0	0	0
2879	0	0	0	0	0	0	4	8	19	14	9	0	0	0	0	0	0	0	0	0	0	1	18	20	20	20	20	12	0	0	0	0	0	0	0	0	2	16	20	20	20	20	20	20	3	0	0	0	0	0	0	3	15	20	20	20	15	15	20	18	0	0	0	0	0	0	1	16	20	20	19	9	0	0	15	20	8	0	0	0	0	0	2	20	20	20	8	0	0	0	4	20	18	1	0	0	0	0	10	20	20	16	0	0	0	0	0	16	20	11	0	0	0	0	18	20	20	8	0	0	0	0	0	8	20	15	0	0	0	1	19	20	18	1	0	0	0	0	0	4	20	20	3	0	0	4	20	20	14	0	0	0	0	0	0	4	20	20	3	0	0	3	20	20	13	0	0	0	0	0	0	10	20	20	4	0	0	3	19	20	16	0	0	0	0	0	4	19	20	20	3	0	0	1	17	20	17	5	5	5	5	10	20	20	20	11	0	0	0	0	6	19	20	20	20	20	20	20	20	20	20	4	0	0	0	0	0	3	15	20	20	20	20	20	20	19	14	1	0	0	0	0	0	0	0	5	13	15	20	19	11	3	0	0	0	0
4383	0	0	0	0	0	0	0	11	14	4	0	0	0	0	0	0	0	0	0	0	0	0	5	15	20	20	6	0	0	0	0	0	0	0	0	0	2	12	19	20	20	20	20	12	0	0	0	0	0	0	0	0	12	20	20	20	20	20	20	20	11	0	0	0	0	0	0	3	19	20	20	18	7	3	13	20	20	2	0	0	0	0	1	17	20	20	20	5	0	0	0	17	20	11	0	0	0	0	7	20	20	20	14	0	0	0	0	7	20	14	0	0	0	0	13	20	20	17	2	0	0	0	0	2	20	20	2	0	0	1	20	20	20	6	0	0	0	0	0	1	19	20	5	0	0	6	20	20	16	0	0	0	0	0	0	1	19	20	8	0	0	6	20	20	8	0	0	0	0	0	0	8	20	20	5	0	0	6	20	20	8	0	0	0	0	0	4	17	20	20	2	0	0	1	15	20	17	4	0	0	3	7	18	20	20	19	1	0	0	0	3	17	20	19	16	16	20	20	20	20	18	5	0	0	0	0	0	2	15	20	20	20	20	20	20	19	11	0	0	0	0	0	0	0	0	3	11	17	20	15	9	2	0	0	0	0
5759	0	0	0	0	0	0	3	10	18	7	3	0	0	0	0	0	0	0	0	0	0	1	17	20	20	20	19	10	0	0	0	0	0	0	0	0	2	16	20	20	20	20	20	20	7	0	0	0	0	0	0	0	14	20	20	20	20	17	7	20	20	4	0	0	0	0	0	11	20	20	20	20	18	4	0	15	20	16	2	0	0	0	3	18	20	20	20	20	10	0	0	11	20	20	5	0	0	0	13	20	20	20	20	16	1	0	0	8	20	20	8	0	0	3	19	20	20	20	13	2	0	0	0	7	20	20	12	0	0	12	20	20	20	7	0	0	0	0	0	5	20	20	12	0	0	11	20	20	17	1	0	0	0	0	0	11	20	20	9	0	0	11	20	20	13	0	0	0	0	0	1	14	20	20	8	0	0	2	19	20	20	3	0	0	0	0	7	20	20	20	12	0	0	0	11	20	20	19	11	4	5	12	18	20	20	19	3	0	0	0	1	14	20	20	20	20	20	20	20	20	20	10	0	0	0	0	0	0	10	19	20	20	20	20	20	20	13	0	0	0	0	0	0	0	0	4	12	18	20	20	13	11	0	0	0	0
5990	0	0	0	0	1	11	20	17	6	5	1	0	0	0	0	0	0	0	0	0	10	20	20	20	20	20	17	5	0	0	0	0	0	0	0	4	20	20	20	20	20	20	20	20	9	0	0	0	0	0	0	14	20	20	20	20	20	20	20	20	19	2	0	0	0	0	4	20	20	20	20	19	18	11	17	20	20	12	0	0	0	0	13	20	20	20	11	0	0	0	1	19	20	20	3	0	0	1	18	20	20	19	2	0	0	0	0	17	20	20	8	0	0	4	20	20	20	12	0	0	0	0	0	16	20	20	8	0	0	10	20	20	20	9	0	0	0	0	0	15	20	20	6	0	0	9	20	20	18	1	0	0	0	0	0	15	20	20	6	0	0	8	20	20	16	0	0	0	0	0	2	19	20	19	2	0	0	7	20	20	17	0	0	0	0	1	11	20	20	8	0	0	0	0	17	20	20	7	1	1	9	16	20	20	20	8	0	0	0	0	1	16	20	20	20	20	20	20	20	20	16	1	0	0	0	0	0	2	14	20	20	20	20	20	20	16	2	0	0	0	0	0	0	0	0	8	16	20	20	14	12	2	0	0	0	0
6501	0	0	0	0	0	1	10	20	9	1	0	0	0	0	0	0	0	0	0	0	0	9	20	20	20	16	4	0	0	0	0	0	0	0	0	0	11	20	20	20	20	20	18	1	0	0	0	0	0	0	0	2	19	20	20	20	20	20	20	14	2	0	0	0	0	0	1	15	20	20	20	20	15	15	19	20	18	1	0	0	0	0	8	20	20	20	20	12	0	0	8	19	20	10	0	0	0	0	17	20	20	20	13	1	0	0	0	11	20	19	2	0	0	1	19	20	20	19	2	0	0	0	0	8	20	20	10	0	0	6	20	20	20	12	0	0	0	0	0	4	20	20	12	0	0	14	20	20	20	3	0	0	0	0	0	3	20	20	17	0	0	15	20	20	15	0	0	0	0	0	2	13	20	20	14	0	0	15	20	20	17	0	0	0	0	2	14	20	20	20	13	0	0	11	20	20	18	1	1	1	9	18	20	20	20	17	4	0	0	2	18	20	20	20	20	20	20	20	20	20	17	4	0	0	0	0	2	17	20	20	20	20	20	20	20	18	4	0	0	0	0	0	0	1	9	17	20	20	20	20	13	4	0	0	0	0
7199	0	0	0	0	0	0	1	11	20	15	2	0	0	0	0	0	0	0	0	0	1	4	15	20	20	20	18	6	0	0	0	0	0	0	0	1	10	20	20	20	20	20	20	18	6	0	0	0	0	0	0	5	20	20	20	20	20	20	20	20	16	0	0	0	0	0	1	16	20	20	20	20	8	2	9	20	20	6	0	0	0	0	9	20	20	20	20	4	0	0	4	20	20	11	0	0	0	1	18	20	20	20	12	0	0	0	1	18	20	16	0	0	0	9	20	20	20	19	3	0	0	0	0	9	20	20	4	0	0	12	20	20	19	6	0	0	0	0	0	9	20	20	7	0	0	12	20	20	16	0	0	0	0	0	0	11	20	20	13	0	0	13	20	20	16	0	0	0	0	0	2	19	20	20	12	0	0	8	20	20	16	0	0	0	1	2	11	20	20	20	11	0	0	0	18	20	20	8	4	12	15	20	20	20	20	19	2	0	0	0	3	18	20	20	20	20	20	20	20	20	19	9	0	0	0	0	0	3	19	20	20	20	20	20	20	16	9	0	0	0	0	0	0	0	3	11	20	20	20	20	12	3	0	0	0	0
