13
1491	0	0	0	0	0	0	0	0	0	0	0	6	18	3	0	0	0	0	0	0	0	0	0	0	0	0	0	11	20	7	0	0	0	0	4	6	0	0	0	0	0	0	0	14	20	2	0	0	0	0	14	19	0	0	0	0	0	0	0	18	20	4	0	0	0	2	19	15	0	0	0	0	0	0	3	19	19	1	0	0	0	5	20	15	0	0	0	0	0	0	9	20	17	0	0	0	0	4	20	17	0	0	0	0	0	0	14	20	15	4	0	0	0	1	19	20	5	0	0	0	3	9	18	20	20	20	4	0	0	0	6	20	19	17	17	17	20	20	20	20	11	5	0	0	0	0	0	5	16	20	20	20	18	18	20	19	2	0	0	0	0	0	0	0	0	3	6	2	1	12	20	16	0	0	0	0	0	0	0	0	0	0	0	0	0	18	20	10	0	0	0	0	0	0	0	0	0	0	0	0	3	20	20	5	0	0	0	0	0	0	0	0	0	0	0	0	6	20	20	1	0	0	0	0	0	0	0	0	0	0	0	0	13	20	17	0	0	0	0	0	0	0	0	0	0	0	0	0	5	19	10	0	0	0	0	0
1493	0	0	0	0	0	0	0	0	0	0	0	0	10	2	0	0	0	0	0	0	0	0	0	0	0	0	0	2	20	10	0	0	0	0	1	0	0	0	0	0	0	0	0	5	20	18	0	0	0	0	8	10	0	0	0	0	0	0	0	9	20	15	0	0	0	0	10	20	8	0	0	0	0	0	0	14	20	12	0	0	0	0	12	20	10	0	0	0	0	0	1	19	20	6	0	0	0	0	15	20	7	0	0	0	0	0	3	20	20	4	0	0	0	1	19	20	3	1	1	3	3	3	10	20	20	3	0	0	0	0	13	20	19	18	18	20	20	20	20	20	20	4	0	0	0	0	1	9	14	14	14	14	14	14	20	20	14	0	0	0	0	0	0	0	0	0	0	0	0	3	20	20	6	0	0	0	0	0	0	0	0	0	0	0	0	8	20	19	1	0	0	0	0	0	0	0	0	0	0	0	0	13	20	14	0	0	0	0	0	0	0	0	0	0	0	0	0	17	20	11	0	0	0	0	0	0	0	0	0	0	0	0	0	19	20	4	0	0	0	0	0	0	0	0	0	0	0	0	0	10	19	1	0	0	0	0
2433	0	0	0	0	4	2	0	0	0	0	0	2	18	16	2	0	0	0	0	2	19	16	0	0	0	0	0	3	20	20	7	0	0	0	1	14	20	19	0	0	0	0	0	6	20	20	7	0	0	0	6	20	20	12	0	0	0	0	0	13	20	19	1	0	0	1	17	20	19	2	0	0	0	0	2	19	20	15	0	0	0	5	20	20	7	0	0	0	0	2	14	20	20	10	0	0	0	7	20	20	1	0	0	1	8	19	20	20	19	1	0	0	0	2	18	20	16	15	11	19	20	20	20	20	19	0	0	0	0	0	7	20	20	20	20	20	20	20	20	19	11	0	0	0	0	0	0	5	11	13	13	11	9	20	20	11	0	0	0	0	0	0	0	0	0	0	0	0	8	20	20	6	0	0	0	0	0	0	0	0	0	0	0	0	13	20	19	1	0	0	0	0	0	0	0	0	0	0	0	0	18	20	14	0	0	0	0	0	0	0	0	0	0	0	0	1	19	20	9	0	0	0	0	0	0	0	0	0	0	0	0	2	19	20	13	0	0	0	0	0	0	0	0	0	0	0	0	0	7	18	6	0	0	0	0	0
2965	0	0	0	0	6	5	0	0	0	0	0	0	3	19	6	0	0	0	0	4	20	19	1	0	0	0	0	0	12	20	8	0	0	0	0	14	20	13	0	0	0	0	0	2	20	20	3	0	0	0	1	20	19	4	0	0	0	0	0	5	20	19	1	0	0	0	7	20	15	0	0	0	0	0	0	11	20	14	0	0	0	0	15	20	7	0	0	0	0	0	0	15	20	10	0	0	0	7	20	19	1	0	0	0	0	0	2	19	20	5	0	0	0	11	20	16	5	5	6	8	6	10	13	20	19	1	0	0	0	5	20	20	20	20	20	20	20	17	19	20	11	0	0	0	0	0	8	18	17	14	13	9	3	3	20	20	4	0	0	0	0	0	0	0	0	0	0	0	0	13	20	14	0	0	0	0	0	0	0	0	0	0	0	0	2	19	20	2	0	0	0	0	0	0	0	0	0	0	0	0	4	20	18	0	0	0	0	0	0	0	0	0	0	0	0	0	6	20	13	0	0	0	0	0	0	0	0	0	0	0	0	0	10	20	8	0	0	0	0	0	0	0	0	0	0	0	0	0	1	16	5	0	0	0	0	0
3110	0	0	0	0	0	0	0	0	0	0	0	0	14	17	3	0	0	0	0	0	2	1	0	0	0	0	0	8	20	20	8	0	0	0	0	3	19	17	2	0	0	0	1	18	20	19	2	0	0	0	0	16	20	19	6	0	0	0	6	20	20	9	0	0	0	0	9	20	20	10	0	0	0	0	12	20	19	2	0	0	0	0	18	20	15	0	0	0	0	0	14	20	13	0	0	0	0	6	20	20	5	0	0	0	0	0	19	20	10	0	0	0	0	6	20	20	8	8	8	9	13	16	20	20	19	5	0	0	0	0	10	20	20	20	20	20	20	20	20	19	4	0	0	0	0	0	0	2	10	13	13	10	8	7	20	18	0	0	0	0	0	0	0	0	0	0	0	0	0	7	20	13	0	0	0	0	0	0	0	0	0	0	0	0	0	10	20	11	0	0	0	0	0	0	0	0	0	0	0	0	0	10	20	10	0	0	0	0	0	0	0	0	0	0	0	0	0	7	20	8	0	0	0	0	0	0	0	0	0	0	0	0	0	2	20	11	0	0	0	0	0	0	0	0	0	0	0	0	0	0	9	14	0	0	0	0
3114	0	0	0	0	0	0	0	0	0	0	0	2	18	13	1	0	0	0	0	7	3	0	0	0	0	0	0	11	20	20	4	0	0	0	11	20	20	5	0	0	0	0	0	17	20	15	0	0	0	1	19	20	15	1	0	0	0	0	3	20	20	6	0	0	0	4	20	20	2	0	0	0	0	0	7	20	19	1	0	0	0	1	19	16	0	0	0	0	0	0	10	20	16	0	0	0	0	0	12	19	1	0	0	0	0	0	16	20	10	0	0	0	0	0	1	15	14	2	0	0	0	1	19	20	5	0	0	0	0	0	0	0	10	19	16	16	18	19	20	20	9	0	0	0	0	0	0	0	0	2	10	14	13	16	20	13	0	0	0	0	0	0	0	0	0	0	0	0	0	13	18	1	0	0	0	0	0	0	0	0	0	0	0	0	0	15	12	0	0	0	0	0	0	0	0	0	0	0	0	0	0	16	8	0	0	0	0	0	0	0	0	0	0	0	0	0	1	18	2	0	0	0	0	0	0	0	0	0	0	0	0	0	3	11	0	0	0	0	0	0	0	0	0	0	0	0	0	0	9	7	0	0	0	0	0	0
3268	0	0	0	0	0	0	0	0	0	0	0	0	16	11	0	0	0	0	0	0	0	1	0	0	0	0	0	3	20	15	0	0	0	0	0	0	3	19	9	0	0	0	0	5	20	14	0	0	0	0	0	2	17	20	20	2	0	0	0	10	20	14	0	0	0	0	0	10	20	20	10	0	0	0	0	14	20	9	0	0	0	0	1	16	20	12	0	0	0	0	0	17	20	7	0	0	0	0	7	20	20	3	0	0	0	0	2	19	20	3	0	0	0	0	14	20	19	12	7	6	1	0	6	20	19	0	0	0	0	0	6	19	20	20	20	20	20	20	20	20	13	0	0	0	0	0	0	4	8	13	17	19	19	19	20	20	7	0	0	0	0	0	0	0	0	0	0	0	0	4	20	20	2	0	0	0	0	0	0	0	0	0	0	0	0	11	20	15	0	0	0	0	0	0	0	0	0	0	0	0	5	20	20	10	0	0	0	0	0	0	0	0	0	0	0	0	11	20	18	1	0	0	0	0	0	0	0	0	0	0	0	0	13	20	13	0	0	0	0	0	0	0	0	0	0	0	0	0	6	20	7	0	0	0	0	0
4079	0	0	0	0	0	0	0	0	0	0	0	0	15	18	0	0	0	0	0	0	2	0	0	0	0	0	0	1	19	18	0	0	0	0	0	4	19	7	0	0	0	0	0	5	20	12	0	0	0	0	0	6	20	10	0	0	0	0	0	10	20	11	0	0	0	0	0	11	20	10	0	0	0	0	0	15	20	7	0	0	0	0	2	19	20	11	0	0	0	0	1	20	20	3	0	0	0	0	12	20	20	19	4	0	0	0	8	20	19	1	0	0	0	0	19	20	15	15	17	6	0	0	15	20	11	0	0	0	0	0	17	20	4	0	12	20	16	13	19	20	16	9	0	0	0	0	1	5	0	0	0	6	14	20	20	20	19	12	0	0	0	0	0	0	0	0	0	0	0	12	20	13	0	0	0	0	0	0	0	0	0	0	0	0	0	18	20	6	0	0	0	0	0	0	0	0	0	0	0	0	2	20	19	2	0	0	0	0	0	0	0	0	0	0	0	0	8	20	14	0	0	0	0	0	0	0	0	0	0	0	0	0	13	20	6	0	0	0	0	0	0	0	0	0	0	0	0	0	10	19	1	0	0	0	0	0
4231	0	0	0	0	0	0	0	0	0	0	0	0	11	8	0	0	0	0	0	0	2	2	0	0	0	0	0	2	20	8	0	0	0	0	0	0	14	14	0	0	0	0	0	6	20	6	0	0	0	0	0	7	20	13	0	0	0	0	0	7	20	7	0	0	0	0	0	12	18	2	0	0	0	0	0	10	20	2	0	0	0	0	1	19	12	0	0	0	0	0	0	16	19	0	0	0	0	0	4	20	8	0	0	0	0	0	1	19	17	0	0	0	0	0	9	20	2	0	0	0	0	0	5	20	13	0	0	0	0	0	9	20	10	14	14	14	14	14	20	20	8	0	0	0	0	0	1	13	20	20	20	19	14	9	20	20	2	0	0	0	0	0	0	0	0	0	0	0	0	0	18	15	0	0	0	0	0	0	0	0	0	0	0	0	0	4	20	11	0	0	0	0	0	0	0	0	0	0	0	0	0	6	20	6	0	0	0	0	0	0	0	0	0	0	0	0	0	14	19	2	0	0	0	0	0	0	0	0	0	0	0	0	1	18	15	0	0	0	0	0	0	0	0	0	0	0	0	0	2	19	3	0	0	0	0	0
4326	0	0	0	0	0	0	0	0	0	0	0	4	19	16	0	0	0	0	0	1	8	5	0	0	0	0	0	8	20	14	0	0	0	0	0	7	20	10	0	0	0	0	0	11	20	17	0	0	0	0	1	19	18	0	0	0	0	0	0	17	20	15	0	0	0	0	7	20	17	0	0	0	0	0	3	20	20	9	0	0	0	0	13	20	12	0	0	0	0	0	9	20	20	6	0	0	0	0	17	20	18	2	0	0	0	0	16	20	20	4	0	0	0	0	10	20	20	15	10	4	4	0	18	20	17	0	0	0	0	0	2	15	19	20	20	20	20	16	19	20	15	0	0	0	0	0	0	0	3	7	13	18	20	20	20	20	7	0	0	0	0	0	0	0	0	0	0	1	1	14	20	18	0	0	0	0	0	0	0	0	0	0	0	0	1	19	20	12	0	0	0	0	0	0	0	0	0	0	0	0	6	20	20	6	0	0	0	0	0	0	0	0	0	0	0	0	13	20	19	1	0	0	0	0	0	0	0	0	0	0	0	0	15	20	13	0	0	0	0	0	0	0	0	0	0	0	0	0	7	18	5	0	0	0	0	0
5989	0	0	0	0	0	0	0	0	0	0	0	4	18	5	0	0	0	0	0	0	0	0	0	0	0	0	0	1	19	17	1	0	0	0	0	2	4	0	0	0	0	0	0	1	20	20	2	0	0	0	0	13	20	9	0	0	0	0	0	8	20	20	3	0	0	0	7	20	20	16	0	0	0	0	0	16	20	17	3	0	0	0	14	20	20	7	0	0	0	0	5	20	20	9	0	0	0	2	20	20	13	0	0	0	0	0	12	20	20	2	0	0	0	3	20	20	6	0	0	0	0	1	19	20	15	0	0	0	0	0	13	20	18	17	13	11	11	15	20	20	20	7	0	0	0	0	0	10	17	20	20	20	20	20	20	20	20	16	0	0	0	0	0	0	1	6	11	11	15	20	20	15	5	2	0	0	0	0	0	0	0	0	0	0	9	20	20	5	0	0	0	0	0	0	0	0	0	0	0	0	16	20	19	1	0	0	0	0	0	0	0	0	0	0	0	4	20	20	20	18	2	0	0	0	0	0	0	0	0	0	0	3	18	20	20	17	1	0	0	0	0	0	0	0	0	0	0	0	3	15	13	3	0	0	0	0
6143	0	0	0	0	0	0	0	0	0	0	0	2	19	4	0	0	0	0	0	0	0	0	0	0	0	0	0	9	20	9	0	0	0	0	0	0	6	1	0	0	0	0	0	13	20	7	0	0	0	0	0	2	18	12	0	0	0	0	0	17	19	2	0	0	0	0	2	19	20	5	0	0	0	0	1	19	19	1	0	0	0	0	14	20	14	0	0	0	0	0	3	20	17	1	0	0	0	7	20	18	1	0	0	0	0	0	7	20	15	0	0	0	1	19	20	18	15	15	15	15	10	9	17	20	17	9	13	0	0	8	19	18	15	20	20	20	20	20	20	20	20	17	13	1	0	0	0	0	0	0	0	0	2	9	20	18	1	0	0	0	0	0	0	0	0	0	0	0	0	10	20	15	0	0	0	0	0	0	0	0	0	0	0	0	0	18	20	8	0	0	0	0	0	0	0	0	0	0	0	0	4	19	19	3	0	0	0	0	0	0	0	0	0	0	0	0	9	20	17	0	0	0	0	0	0	0	0	0	0	0	0	0	16	20	10	0	0	0	0	0	0	0	0	0	0	0	0	0	6	19	1	0	0	0	0	0
7176	0	0	0	0	0	0	0	0	0	0	0	0	5	19	3	0	0	0	0	0	1	4	0	0	0	0	0	0	16	20	6	0	0	0	0	0	15	20	1	0	0	0	0	1	20	20	2	0	0	0	0	4	20	17	0	0	0	0	0	5	20	16	0	0	0	0	0	11	20	12	0	0	0	0	0	10	20	8	0	0	0	0	3	19	19	1	0	0	0	0	0	14	20	4	0	0	0	1	15	20	10	0	0	0	0	0	3	20	19	0	0	0	0	6	20	20	15	10	5	5	2	0	8	20	11	0	0	0	0	1	13	19	20	20	20	20	20	20	20	20	6	0	0	0	0	0	0	2	7	12	13	13	17	18	20	20	1	0	0	0	0	0	0	0	0	0	0	0	0	3	20	17	0	0	0	0	0	0	0	0	0	0	0	0	0	5	20	12	0	0	0	0	0	0	0	0	0	0	0	0	0	10	20	13	0	0	0	0	0	0	0	0	0	0	0	0	0	14	20	9	0	0	0	0	0	0	0	0	0	0	0	0	0	17	20	8	0	0	0	0	0	0	0	0	0	0	0	0	0	12	14	2	0	0	0	0
