42
55	0	0	0	0	0	0	0	0	10	18	2	0	0	0	0	0	0	0	0	0	0	0	0	1	19	20	2	0	0	0	0	0	0	0	0	0	0	0	0	12	17	5	0	0	0	0	0	0	0	0	0	0	0	0	4	20	5	0	0	0	0	0	0	0	0	0	0	0	0	0	11	20	2	0	0	0	0	0	0	0	0	0	0	0	0	1	18	15	0	0	0	0	0	0	0	0	0	0	0	0	0	5	20	10	0	0	0	0	0	0	0	0	0	0	0	0	0	8	20	4	0	0	0	0	0	0	0	0	0	0	0	0	0	10	20	1	0	0	0	0	0	0	0	0	0	0	0	0	0	14	19	1	0	0	0	0	0	0	0	0	0	0	0	0	0	14	19	13	17	4	0	0	0	0	0	0	0	0	0	0	0	9	20	19	11	19	2	0	0	0	0	0	0	0	0	0	0	7	20	11	0	12	11	0	0	0	0	0	0	0	0	0	0	3	20	9	0	10	13	0	0	0	0	0	0	0	0	0	0	0	15	19	11	19	10	0	0	0	0	0	0	0	0	0	0	0	3	16	20	15	1	0	0	0	0	0
56	0	0	0	0	0	0	0	0	8	18	3	0	0	0	0	0	0	0	0	0	0	0	0	5	20	19	11	0	0	0	0	0	0	0	0	0	0	0	0	16	19	8	8	0	0	0	0	0	0	0	0	0	0	0	7	20	12	1	1	0	0	0	0	0	0	0	0	0	0	0	16	18	1	0	0	0	0	0	0	0	0	0	0	0	0	3	20	14	0	0	0	0	0	0	0	0	0	0	0	0	0	8	20	7	0	0	0	0	0	0	0	0	0	0	0	0	0	12	20	3	0	0	0	0	0	0	0	0	0	0	0	0	0	17	18	0	0	0	0	0	0	0	0	0	0	0	0	0	2	20	14	0	0	3	0	0	0	0	0	0	0	0	0	0	2	20	11	0	12	20	11	0	0	0	0	0	0	0	0	0	0	18	15	1	19	13	19	0	0	0	0	0	0	0	0	0	0	13	18	4	18	4	20	2	0	0	0	0	0	0	0	0	0	6	20	12	13	10	18	0	0	0	0	0	0	0	0	0	0	0	14	20	16	19	11	0	0	0	0	0	0	0	0	0	0	0	1	13	20	14	1	0	0	0	0	0
242	0	0	0	0	0	0	0	0	5	18	3	0	0	0	0	0	0	0	0	0	0	0	0	1	17	19	1	0	0	0	0	0	0	0	0	0	0	0	0	8	20	9	0	0	0	0	0	0	0	0	0	0	0	0	0	16	18	1	0	0	0	0	0	0	0	0	0	0	0	0	5	20	10	0	0	0	0	0	0	0	0	0	0	0	0	0	14	19	3	0	0	0	0	0	0	0	0	0	0	0	0	5	20	13	0	0	0	0	0	0	0	0	0	0	0	0	0	14	20	4	0	0	0	0	0	0	0	0	0	0	0	0	1	20	18	0	0	0	0	0	0	0	0	0	0	0	0	0	5	20	10	0	0	0	0	0	0	0	0	0	0	0	0	0	10	20	6	0	0	0	0	0	0	0	0	0	0	0	0	0	18	19	1	0	2	17	18	5	0	0	0	0	0	0	0	0	18	15	0	0	16	20	20	18	0	0	0	0	0	0	0	0	13	20	2	7	20	15	20	14	0	0	0	0	0	0	0	0	2	19	18	14	20	18	18	3	0	0	0	0	0	0	0	0	0	6	17	20	20	16	4	0	0	0	0	0
899	0	0	0	0	0	0	0	1	17	15	0	0	0	0	0	0	0	0	0	0	0	0	0	11	20	11	0	0	0	0	0	0	0	0	0	0	0	0	2	19	14	0	0	0	0	0	0	0	0	0	0	0	0	0	10	19	1	0	0	0	0	0	0	0	0	0	0	0	0	0	18	16	0	0	0	0	0	0	0	0	0	0	0	0	0	5	20	10	0	0	0	0	0	0	0	0	0	0	0	0	0	10	20	6	0	0	0	0	0	0	0	0	0	0	0	0	0	13	19	0	0	0	0	0	0	0	0	0	0	0	0	0	0	16	17	0	0	0	0	0	0	0	0	0	0	0	0	0	1	20	17	15	16	13	3	0	0	0	0	0	0	0	0	0	3	20	20	20	19	19	16	0	0	0	0	0	0	0	0	0	7	20	19	3	0	15	16	0	0	0	0	0	0	0	0	0	10	20	17	3	3	20	18	10	0	0	0	0	0	0	0	0	11	20	4	1	11	20	20	9	0	0	0	0	0	0	0	0	5	20	13	17	20	11	10	2	0	0	0	0	0	0	0	0	0	10	20	18	9	0	0	0	0	0	0	0
1175	0	0	0	0	0	0	0	0	4	18	3	0	0	0	0	0	0	0	0	0	0	0	0	1	17	18	1	0	0	0	0	0	0	0	0	0	0	0	0	10	20	10	0	0	0	0	0	0	0	0	0	0	0	0	3	19	15	0	0	0	0	0	0	0	0	0	0	0	0	0	15	20	3	0	0	0	0	0	0	0	0	0	0	0	0	4	19	12	0	0	0	0	0	0	0	0	0	0	0	0	0	13	20	4	0	0	0	0	0	0	0	0	0	0	0	0	1	19	18	0	0	0	0	0	0	0	0	0	0	0	0	0	5	20	12	1	2	0	0	0	0	0	0	0	0	0	0	0	8	20	14	18	20	12	0	0	0	0	0	0	0	0	0	0	13	20	20	14	9	19	10	0	0	0	0	0	0	0	0	0	14	20	16	2	0	11	18	1	0	0	0	0	0	0	0	0	11	20	10	0	0	2	18	8	0	0	0	0	0	0	0	0	3	20	19	3	0	6	20	9	0	0	0	0	0	0	0	0	0	12	20	18	16	20	18	2	0	0	0	0	0	0	0	0	0	1	11	19	18	13	3	0	0	0	0	0
1367	0	0	0	0	0	0	0	0	15	3	0	0	0	0	0	0	0	0	0	0	0	0	0	1	19	8	0	0	0	0	0	0	0	0	0	0	0	0	0	6	20	4	0	0	0	0	0	0	0	0	0	0	0	0	0	15	16	0	0	0	0	0	0	0	0	0	0	0	0	0	4	20	6	0	0	0	0	0	0	0	0	0	0	0	0	0	14	18	0	0	0	0	0	0	0	0	0	0	0	0	0	1	19	11	0	0	0	0	0	0	0	0	0	0	0	0	0	8	20	5	0	0	0	0	0	0	0	0	0	0	0	0	0	14	15	0	0	0	0	0	0	0	0	0	0	0	0	0	4	20	8	0	0	0	0	0	0	0	0	0	0	0	0	0	9	19	1	0	1	3	1	0	0	0	0	0	0	0	0	0	13	16	0	1	16	20	19	6	0	0	0	0	0	0	0	0	18	11	0	12	11	5	13	16	0	0	0	0	0	0	0	0	15	12	0	15	1	9	20	12	0	0	0	0	0	0	0	0	4	19	12	12	17	20	13	0	0	0	0	0	0	0	0	0	0	8	17	19	13	6	0	0	0	0	0	0
1441	0	0	0	0	0	0	0	0	10	11	0	0	0	0	0	0	0	0	0	0	0	0	0	3	19	14	0	0	0	0	0	0	0	0	0	0	0	0	0	17	17	3	0	0	0	0	0	0	0	0	0	0	0	0	8	20	6	0	0	0	0	0	0	0	0	0	0	0	0	0	17	17	0	0	0	0	0	0	0	0	0	0	0	0	0	6	20	8	0	0	0	0	0	0	0	0	0	0	0	0	0	13	19	1	0	0	0	0	0	0	0	0	0	0	0	0	1	19	12	0	0	0	0	0	0	0	0	0	0	0	0	0	6	20	4	0	0	0	0	0	0	0	0	0	0	0	0	0	12	19	0	0	0	0	0	0	0	0	0	0	0	0	0	0	15	15	0	3	9	12	5	0	0	0	0	0	0	0	0	0	19	13	17	20	17	16	20	10	0	0	0	0	0	0	0	0	19	20	17	6	0	0	12	19	0	0	0	0	0	0	0	0	16	20	9	5	1	0	14	10	0	0	0	0	0	0	0	0	8	20	20	13	7	13	19	2	0	0	0	0	0	0	0	0	0	9	17	20	20	15	3	0	0	0	0	0
1537	0	0	0	0	0	0	0	1	17	17	1	0	0	0	0	0	0	0	0	0	0	0	0	13	20	19	2	0	0	0	0	0	0	0	0	0	0	0	4	20	18	3	0	0	0	0	0	0	0	0	0	0	0	0	6	20	11	0	0	0	0	0	0	0	0	0	0	0	0	3	20	19	2	0	0	0	0	0	0	0	0	0	0	0	0	12	20	16	0	0	0	0	0	0	0	0	0	0	0	0	1	18	20	6	0	0	0	0	0	0	0	0	0	0	0	0	4	20	19	1	0	0	0	0	0	0	0	0	0	0	0	0	14	20	12	0	0	0	0	0	0	0	0	0	0	0	0	1	19	20	14	13	14	10	3	0	0	0	0	0	0	0	0	6	20	20	20	20	20	20	20	7	0	0	0	0	0	0	0	7	20	20	19	6	0	0	9	20	3	0	0	0	0	0	0	5	20	20	17	0	0	0	13	20	7	0	0	0	0	0	0	2	19	20	20	6	8	16	20	15	1	0	0	0	0	0	0	0	6	20	20	20	20	20	16	1	0	0	0	0	0	0	0	0	0	4	13	16	18	8	1	0	0	0	0	0
1771	0	0	0	0	0	0	0	0	7	18	1	0	0	0	0	0	0	0	0	0	0	0	0	1	18	20	1	0	0	0	0	0	0	0	0	0	0	0	0	6	20	12	0	0	0	0	0	0	0	0	0	0	0	0	1	18	20	3	0	0	0	0	0	0	0	0	0	0	0	0	9	20	13	0	0	0	0	0	0	0	0	0	0	0	0	0	17	20	3	0	0	0	0	0	0	0	0	0	0	0	0	5	20	15	0	0	0	0	0	0	0	0	0	0	0	0	0	12	20	10	0	0	0	0	0	0	0	0	0	0	0	0	0	17	20	7	5	5	2	0	0	0	0	0	0	0	0	0	0	19	20	20	20	20	18	3	0	0	0	0	0	0	0	0	8	20	20	19	14	17	20	14	0	0	0	0	0	0	0	0	18	20	17	2	0	2	20	18	0	0	0	0	0	0	0	0	11	20	11	0	0	0	16	18	0	0	0	0	0	0	0	0	3	20	12	0	0	4	19	14	0	0	0	0	0	0	0	0	0	14	20	15	14	19	18	5	0	0	0	0	0	0	0	0	0	1	10	19	20	15	4	0	0	0	0	0
1876	0	0	0	0	0	0	0	0	7	19	5	0	0	0	0	0	0	0	0	0	0	0	0	4	18	20	3	0	0	0	0	0	0	0	0	0	0	0	0	17	20	10	0	0	0	0	0	0	0	0	0	0	0	0	7	20	8	0	0	0	0	0	0	0	0	0	0	0	0	1	17	14	0	0	0	0	0	0	0	0	0	0	0	0	0	8	20	4	0	0	0	0	0	0	0	0	0	0	0	0	0	16	15	0	0	0	0	0	0	0	0	0	0	0	0	0	0	18	10	0	0	0	0	0	0	0	0	0	0	0	0	0	0	20	8	0	0	0	0	0	0	0	0	0	0	0	0	0	2	20	19	19	17	8	3	0	0	0	0	0	0	0	0	0	5	20	15	9	15	19	18	4	0	0	0	0	0	0	0	0	3	20	6	0	0	2	20	7	0	0	0	0	0	0	0	0	1	20	8	0	0	4	20	4	0	0	0	0	0	0	0	0	1	18	16	2	0	12	19	0	0	0	0	0	0	0	0	0	0	3	18	16	13	20	8	0	0	0	0	0	0	0	0	0	0	0	6	19	19	8	0	0	0	0	0	0
2058	0	0	0	0	0	0	0	0	1	18	4	0	0	0	0	0	0	0	0	0	0	0	0	0	10	17	3	0	0	0	0	0	0	0	0	0	0	0	0	6	20	6	0	0	0	0	0	0	0	0	0	0	0	0	0	16	13	0	0	0	0	0	0	0	0	0	0	0	0	0	5	20	4	0	0	0	0	0	0	0	0	0	0	0	0	1	17	12	0	0	0	0	0	0	0	0	0	0	0	0	0	6	19	2	0	0	0	0	0	0	0	0	0	0	0	0	0	13	13	0	0	0	0	0	0	0	0	0	0	0	0	0	1	19	6	0	0	0	0	0	0	0	0	0	0	0	0	0	6	20	16	13	10	3	0	0	0	0	0	0	0	0	0	1	19	18	9	8	10	16	14	1	0	0	0	0	0	0	0	5	20	12	0	0	0	1	14	15	0	0	0	0	0	0	0	2	18	13	0	0	0	0	1	19	4	0	0	0	0	0	0	0	9	16	1	0	0	0	6	19	3	0	0	0	0	0	0	0	1	16	14	9	9	14	19	8	0	0	0	0	0	0	0	0	0	2	14	20	20	16	5	0	0	0	0	0
2193	0	0	0	0	0	0	0	3	16	3	0	0	0	0	0	0	0	0	0	0	0	0	0	14	20	6	0	0	0	0	0	0	0	0	0	0	0	0	2	20	18	0	0	0	0	0	0	0	0	0	0	0	0	0	8	20	11	0	0	0	0	0	0	0	0	0	0	0	0	0	14	20	8	0	0	0	0	0	0	0	0	0	0	0	0	0	18	19	2	0	0	0	0	0	0	0	0	0	0	0	0	6	20	16	0	0	0	0	0	0	0	0	0	0	0	0	0	10	20	12	0	0	0	0	0	0	0	0	0	0	0	0	0	18	20	5	0	0	0	0	0	0	0	0	0	0	0	0	2	20	19	0	0	0	0	0	0	0	0	0	0	0	0	0	8	20	14	0	1	5	6	0	0	0	0	0	0	0	0	0	11	20	8	5	17	20	20	12	0	0	0	0	0	0	0	0	13	20	10	20	18	12	19	15	0	0	0	0	0	0	0	0	16	20	13	20	10	9	20	8	0	0	0	0	0	0	0	0	12	20	20	20	19	20	11	0	0	0	0	0	0	0	0	0	2	14	19	20	15	6	0	0	0	0	0	0
2577	0	0	0	0	0	0	0	4	20	9	0	0	0	0	0	0	0	0	0	0	0	0	0	13	20	3	0	0	0	0	0	0	0	0	0	0	0	0	0	19	16	0	0	0	0	0	0	0	0	0	0	0	0	0	5	20	12	0	0	0	0	0	0	0	0	0	0	0	0	0	15	19	2	0	0	0	0	0	0	0	0	0	0	0	0	5	20	14	0	0	0	0	0	0	0	0	0	0	0	0	0	13	20	6	0	0	0	0	0	0	0	0	0	0	0	0	2	19	19	1	0	0	2	0	0	0	0	0	0	0	0	0	7	20	11	0	0	7	19	12	0	0	0	0	0	0	0	0	12	20	7	0	11	20	20	15	0	0	0	0	0	0	0	0	14	20	2	6	19	16	17	13	0	0	0	0	0	0	0	0	15	19	5	19	16	1	14	7	0	0	0	0	0	0	0	0	15	19	16	18	1	13	19	1	0	0	0	0	0	0	0	0	9	20	20	12	9	20	16	0	0	0	0	0	0	0	0	0	1	16	20	19	20	20	6	0	0	0	0	0	0	0	0	0	0	0	9	19	17	5	0	0	0	0	0	0
2669	0	0	0	0	0	0	0	0	12	6	0	0	0	0	0	0	0	0	0	0	0	0	0	0	16	12	0	0	0	0	0	0	0	0	0	0	0	0	0	5	20	5	0	0	0	0	0	0	0	0	0	0	0	0	0	16	15	0	0	0	0	0	0	0	0	0	0	0	0	0	8	19	3	0	0	0	0	0	0	0	0	0	0	0	0	1	17	13	0	0	0	0	0	0	0	0	0	0	0	0	0	8	20	3	0	0	0	0	0	0	0	0	0	0	0	0	0	16	13	0	0	0	0	0	0	0	0	0	0	0	0	0	2	20	7	0	0	0	0	0	0	0	0	0	0	0	0	0	5	20	4	0	0	0	0	0	0	0	0	0	0	0	0	0	8	20	1	0	0	0	0	0	0	0	0	0	0	0	0	0	9	20	1	0	0	2	11	2	0	0	0	0	0	0	0	0	6	20	3	0	6	19	19	9	0	0	0	0	0	0	0	0	3	20	7	9	20	14	17	5	0	0	0	0	0	0	0	0	1	18	17	16	20	19	6	0	0	0	0	0	0	0	0	0	0	4	18	20	15	3	0	0	0	0	0	0
2671	0	0	0	0	0	0	0	10	15	0	0	0	0	0	0	0	0	0	0	0	0	0	0	9	15	0	0	0	0	0	0	0	0	0	0	0	0	0	0	13	14	0	0	0	0	0	0	0	0	0	0	0	0	0	1	20	12	0	0	0	0	0	0	0	0	0	0	0	0	0	4	20	6	0	0	0	0	0	0	0	0	0	0	0	0	0	11	19	1	0	0	0	0	0	0	0	0	0	0	0	0	0	16	14	0	0	0	0	0	0	0	0	0	0	0	0	0	4	20	7	0	0	0	0	0	0	0	0	0	0	0	0	0	11	19	2	0	0	0	0	0	0	0	0	0	0	0	0	0	16	16	0	0	0	0	0	0	0	0	0	0	0	0	0	2	19	9	0	0	0	0	0	0	0	0	0	0	0	0	0	6	20	3	0	2	9	16	5	0	0	0	0	0	0	0	0	13	19	0	7	18	20	20	15	0	0	0	0	0	0	0	0	14	19	12	20	15	15	20	7	0	0	0	0	0	0	0	0	8	20	20	20	18	19	7	0	0	0	0	0	0	0	0	0	0	13	20	16	10	2	0	0	0	0	0	0
2751	0	0	0	0	0	0	0	2	18	11	0	0	0	0	0	0	0	0	0	0	0	0	0	10	20	16	0	0	0	0	0	0	0	0	0	0	0	0	0	18	20	10	0	0	0	0	0	0	0	0	0	0	0	0	3	20	20	4	0	0	0	0	0	0	0	0	0	0	0	0	11	20	16	0	0	0	0	0	0	0	0	0	0	0	0	0	15	20	9	0	0	0	0	0	0	0	0	0	0	0	0	4	20	20	3	0	0	0	0	0	0	0	0	0	0	0	0	12	20	15	0	0	0	0	0	0	0	0	0	0	0	0	2	19	20	6	10	9	1	0	0	0	0	0	0	0	0	0	9	20	15	15	20	20	17	2	0	0	0	0	0	0	0	0	12	20	17	20	9	8	20	9	0	0	0	0	0	0	0	0	14	20	20	14	0	5	20	13	0	0	0	0	0	0	0	0	14	20	20	15	0	11	20	14	0	0	0	0	0	0	0	0	6	20	13	19	10	20	20	11	0	0	0	0	0	0	0	0	1	17	19	19	20	20	18	4	0	0	0	0	0	0	0	0	0	2	15	20	20	14	0	0	0	0	0	0
2987	0	0	0	0	0	0	0	0	9	0	0	0	0	0	0	0	0	0	0	0	0	0	0	0	17	3	0	0	0	0	0	0	0	0	0	0	0	0	0	4	20	8	0	0	0	0	0	0	0	0	0	0	0	0	0	13	20	3	0	0	0	0	0	0	0	0	0	0	0	0	3	20	15	0	0	0	0	0	0	0	0	0	0	0	0	0	13	20	5	0	0	0	0	0	0	0	0	0	0	0	0	3	20	14	0	0	0	0	0	0	0	0	0	0	0	0	0	12	20	6	0	0	0	0	0	0	0	0	0	0	0	0	3	20	14	0	0	0	0	0	0	0	0	0	0	0	0	0	10	20	5	0	0	0	0	0	0	0	0	0	0	0	0	0	18	15	0	0	0	0	4	5	0	0	0	0	0	0	0	3	20	6	0	0	0	8	20	20	5	0	0	0	0	0	0	6	20	2	0	0	7	20	13	19	3	0	0	0	0	0	0	6	19	2	0	1	19	20	20	16	0	0	0	0	0	0	0	0	18	13	8	10	15	16	15	1	0	0	0	0	0	0	0	0	4	17	20	20	16	0	0	0	0	0	0	0
3002	0	0	0	0	0	0	0	0	15	10	0	0	0	0	0	0	0	0	0	0	0	0	0	6	20	19	1	0	0	0	0	0	0	0	0	0	0	0	0	15	20	10	0	0	0	0	0	0	0	0	0	0	0	0	4	20	19	3	0	0	0	0	0	0	0	0	0	0	0	0	10	20	12	0	0	0	0	0	0	0	0	0	0	0	0	3	19	20	4	0	0	0	0	0	0	0	0	0	0	0	0	8	20	18	0	0	0	0	0	0	0	0	0	0	0	0	0	15	20	8	0	0	0	0	0	0	0	0	0	0	0	0	2	20	20	2	0	0	0	0	0	0	0	0	0	0	0	0	7	20	14	0	0	0	0	0	0	0	0	0	0	0	0	0	10	20	13	0	0	0	0	0	0	0	0	0	0	0	0	0	11	20	10	4	12	15	14	2	0	0	0	0	0	0	0	0	12	20	14	19	20	20	20	12	0	0	0	0	0	0	0	0	10	20	20	20	20	20	20	12	0	0	0	0	0	0	0	0	0	17	20	20	20	20	15	2	0	0	0	0	0	0	0	0	0	4	9	17	15	7	0	0	0	0	0	0
3138	0	0	0	0	0	0	0	0	9	17	1	0	0	0	0	0	0	0	0	0	0	0	0	2	18	13	0	0	0	0	0	0	0	0	0	0	0	0	0	9	20	7	0	0	0	0	0	0	0	0	0	0	0	0	0	16	19	1	0	0	0	0	0	0	0	0	0	0	0	0	5	20	12	0	0	0	0	0	0	0	0	0	0	0	0	0	15	20	2	0	0	0	0	0	0	0	0	0	0	0	0	7	20	16	0	0	0	0	0	0	0	0	0	0	0	0	0	10	20	7	0	0	0	0	0	0	0	0	0	0	0	0	0	15	20	2	0	0	0	0	0	0	0	0	0	0	0	0	0	19	17	0	3	7	1	0	0	0	0	0	0	0	0	0	2	20	12	1	17	20	14	0	0	0	0	0	0	0	0	0	6	20	10	5	20	11	19	3	0	0	0	0	0	0	0	0	8	20	7	3	20	2	19	8	0	0	0	0	0	0	0	0	5	20	13	0	2	13	20	3	0	0	0	0	0	0	0	0	0	12	20	18	19	20	15	0	0	0	0	0	0	0	0	0	0	0	8	17	18	13	1	0	0	0	0	0
3231	0	0	0	0	0	0	0	3	12	0	0	0	0	0	0	0	0	0	0	0	0	0	0	11	12	0	0	0	0	0	0	0	0	0	0	0	0	0	0	18	5	0	0	0	0	0	0	0	0	0	0	0	0	0	5	18	0	0	0	0	0	0	0	0	0	0	0	0	0	0	10	11	0	0	0	0	0	0	0	0	0	0	0	0	0	0	17	5	0	0	0	0	0	0	0	0	0	0	0	0	0	5	18	0	0	0	0	0	0	0	0	0	0	0	0	0	0	11	12	0	0	0	0	0	0	0	0	0	0	0	0	0	0	16	5	0	5	12	9	0	0	0	0	0	0	0	0	0	1	19	1	9	17	12	17	1	0	0	0	0	0	0	0	0	3	18	9	16	1	0	12	4	0	0	0	0	0	0	0	0	4	20	18	2	0	0	13	4	0	0	0	0	0	0	0	0	3	20	11	0	0	1	16	0	0	0	0	0	0	0	0	0	0	19	16	1	0	11	9	0	0	0	0	0	0	0	0	0	0	12	11	1	10	14	0	0	0	0	0	0	0	0	0	0	0	1	14	20	13	1	0	0	0	0	0	0
3489	0	0	0	0	0	0	0	0	0	10	8	0	0	0	0	0	0	0	0	0	0	0	0	0	4	17	1	0	0	0	0	0	0	0	0	0	0	0	0	1	17	10	0	0	0	0	0	0	0	0	0	0	0	0	0	9	18	1	0	0	0	0	0	0	0	0	0	0	0	0	2	19	6	0	0	0	0	0	0	0	0	0	0	0	0	0	12	15	0	0	0	0	0	0	0	0	0	0	0	0	0	5	19	4	0	0	0	0	0	0	0	0	0	0	0	0	1	16	10	0	0	0	0	0	0	0	0	0	0	0	0	0	6	20	1	0	0	0	0	0	0	0	0	0	0	0	0	0	12	15	0	0	0	0	0	0	0	0	0	0	0	0	0	0	16	9	0	0	0	5	7	0	0	0	0	0	0	0	0	0	15	11	0	0	10	19	20	11	0	0	0	0	0	0	0	0	9	15	0	9	19	9	9	16	0	0	0	0	0	0	0	0	2	19	6	20	8	0	14	9	0	0	0	0	0	0	0	0	0	11	20	19	10	18	16	0	0	0	0	0	0	0	0	0	0	0	9	18	13	10	1	0	0	0	0	0
3490	0	0	0	0	0	0	0	0	9	0	0	0	0	0	0	0	0	0	0	0	0	0	0	2	20	4	0	0	0	0	0	0	0	0	0	0	0	0	0	9	18	1	0	0	0	0	0	0	0	0	0	0	0	0	1	19	10	0	0	0	0	0	0	0	0	0	0	0	0	0	9	18	1	0	0	0	0	0	0	0	0	0	0	0	0	0	18	10	0	0	0	0	0	0	0	0	0	0	0	0	0	6	20	2	0	0	0	0	0	0	0	0	0	0	0	0	0	15	14	0	0	0	0	0	0	0	0	0	0	0	0	0	2	20	5	0	0	0	0	0	0	0	0	0	0	0	0	0	10	17	0	0	0	9	5	0	0	0	0	0	0	0	0	0	13	12	0	3	15	20	19	7	0	0	0	0	0	0	0	0	13	11	0	16	15	3	8	12	0	0	0	0	0	0	0	0	11	13	7	20	1	3	18	5	0	0	0	0	0	0	0	0	3	19	17	17	11	19	10	0	0	0	0	0	0	0	0	0	0	4	18	18	15	6	0	0	0	0	0	0	0	0	0	0	0	0	12	9	0	0	0	0	0	0	0	0
3554	0	0	0	0	0	0	0	0	13	18	0	0	0	0	0	0	0	0	0	0	0	0	0	0	18	13	0	0	0	0	0	0	0	0	0	0	0	0	0	2	17	5	0	0	0	0	0	0	0	0	0	0	0	0	0	17	19	5	0	0	0	0	0	0	0	0	0	0	0	0	8	20	10	0	0	0	0	0	0	0	0	0	0	0	0	2	19	19	1	0	0	0	0	0	0	0	0	0	0	0	0	14	20	9	0	0	0	0	0	0	0	0	0	0	0	0	6	20	19	1	0	0	0	0	0	0	0	0	0	0	0	0	13	20	11	0	0	0	0	0	0	0	0	0	0	0	0	3	19	19	2	0	0	0	0	0	0	0	0	0	0	0	0	9	20	14	0	0	0	0	4	8	1	0	0	0	0	0	0	13	20	6	0	0	0	13	20	20	11	0	0	0	0	0	0	13	20	3	0	0	15	20	20	20	10	0	0	0	0	0	0	8	20	10	3	9	20	20	20	11	1	0	0	0	0	0	0	0	11	20	20	20	20	17	4	0	0	0	0	0	0	0	0	0	0	4	10	10	17	12	0	0	0	0	0	0
3612	0	0	0	0	0	0	0	6	20	11	0	0	0	0	0	0	0	0	0	0	0	0	0	9	20	16	0	0	0	0	0	0	0	0	0	0	0	0	0	15	20	3	0	0	0	0	0	0	0	0	0	0	0	0	7	20	15	0	0	0	0	0	0	0	0	0	0	0	0	0	15	20	7	0	0	0	0	0	0	0	0	0	0	0	0	1	18	19	1	0	0	0	0	0	0	0	0	0	0	0	0	5	20	11	0	0	0	0	0	0	0	0	0	0	0	0	0	13	20	7	0	0	0	0	0	0	0	0	0	0	0	0	1	20	19	1	0	0	0	0	0	0	0	0	0	0	0	0	3	20	15	10	18	9	0	0	0	0	0	0	0	0	0	0	7	20	15	20	18	19	13	1	0	0	0	0	0	0	0	0	11	20	8	20	13	4	19	8	0	0	0	0	0	0	0	0	13	20	3	7	13	4	18	15	0	0	0	0	0	0	0	0	14	20	3	1	2	12	20	11	0	0	0	0	0	0	0	0	7	20	18	20	20	20	17	1	0	0	0	0	0	0	0	0	0	9	15	20	17	13	2	0	0	0	0	0
3776	0	0	0	0	0	0	0	0	8	18	6	0	0	0	0	0	0	0	0	0	0	0	0	11	20	15	2	0	0	0	0	0	0	0	0	0	0	0	2	19	16	1	0	0	0	0	0	0	0	0	0	0	0	0	2	20	15	0	0	0	0	0	0	0	0	0	0	0	0	0	5	20	11	0	0	0	0	0	0	0	0	0	0	0	0	0	9	20	4	0	0	0	0	0	0	0	0	0	0	0	0	0	13	17	0	0	0	0	0	0	0	0	0	0	0	0	0	12	20	11	0	0	0	0	0	0	0	0	0	0	0	0	7	20	14	0	0	0	0	0	0	0	0	0	0	0	0	0	14	20	4	0	0	0	0	0	0	0	0	0	0	0	0	0	17	17	0	0	2	2	0	0	0	0	0	0	0	0	0	0	16	19	14	17	20	20	15	5	0	0	0	0	0	0	0	0	13	20	20	19	19	18	20	17	0	0	0	0	0	0	0	0	3	19	20	16	2	11	20	11	0	0	0	0	0	0	0	0	0	6	20	20	20	20	17	1	0	0	0	0	0	0	0	0	0	0	9	19	16	9	1	0	0	0	0	0
4161	0	0	0	0	0	0	0	0	17	4	0	0	0	0	0	0	0	0	0	0	0	0	0	3	20	7	0	0	0	0	0	0	0	0	0	0	0	0	0	8	19	1	0	0	0	0	0	0	0	0	0	0	0	0	0	14	17	0	0	0	0	0	0	0	0	0	0	0	0	0	5	20	10	0	0	0	0	0	0	0	0	0	0	0	0	0	13	20	2	0	0	0	0	0	0	0	0	0	0	0	0	1	18	16	0	0	0	0	0	0	0	0	0	0	0	0	0	9	20	9	0	0	0	0	0	0	0	0	0	0	0	0	0	16	18	2	0	0	0	0	0	0	0	0	0	0	0	0	3	20	12	0	0	0	0	0	0	0	0	0	0	0	0	0	14	20	2	0	0	3	8	5	0	0	0	0	0	0	0	1	19	16	1	0	3	18	19	20	4	0	0	0	0	0	0	6	20	8	0	3	17	17	3	18	6	0	0	0	0	0	0	7	20	2	0	11	20	6	10	20	4	0	0	0	0	0	0	4	20	7	5	16	19	18	19	6	0	0	0	0	0	0	0	0	6	17	20	20	17	10	2	0	0	0	0	0
4170	0	0	0	0	0	0	0	0	9	20	4	0	0	0	0	0	0	0	0	0	0	0	0	3	19	7	0	0	0	0	0	0	0	0	0	0	0	0	0	14	13	0	0	0	0	0	0	0	0	0	0	0	0	0	3	20	4	0	0	0	0	0	0	0	0	0	0	0	0	0	8	16	0	0	0	0	0	0	0	0	0	0	0	0	0	0	16	10	0	0	0	0	0	0	0	0	0	0	0	0	0	4	20	2	0	0	0	0	0	0	0	0	0	0	0	0	0	11	18	0	0	0	0	0	0	0	0	0	0	0	0	0	0	17	7	0	0	0	0	0	0	0	0	0	0	0	0	0	3	20	5	8	13	10	1	0	0	0	0	0	0	0	0	0	8	19	10	20	13	13	14	0	0	0	0	0	0	0	0	0	9	18	18	5	0	0	16	6	0	0	0	0	0	0	0	0	9	20	7	0	0	0	13	10	0	0	0	0	0	0	0	0	6	20	4	0	0	1	18	7	0	0	0	0	0	0	0	0	3	13	18	9	8	18	17	1	0	0	0	0	0	0	0	0	0	0	7	17	20	16	3	0	0	0	0	0
4779	0	0	0	0	0	0	0	0	15	3	0	0	0	0	0	0	0	0	0	0	0	0	0	5	17	0	0	0	0	0	0	0	0	0	0	0	0	0	0	13	12	0	0	0	0	0	0	0	0	0	0	0	0	0	1	19	5	0	0	0	0	0	0	0	0	0	0	0	0	0	9	17	0	0	0	0	0	0	0	0	0	0	0	0	0	0	16	9	0	0	0	0	0	0	0	0	0	0	0	0	0	2	19	2	0	0	0	0	0	0	0	0	0	0	0	0	0	7	15	0	0	0	0	0	0	0	0	0	0	0	0	0	0	11	12	0	0	0	0	0	0	0	0	0	0	0	0	0	0	16	7	6	13	9	1	0	0	0	0	0	0	0	0	0	1	19	17	15	12	11	14	0	0	0	0	0	0	0	0	0	5	20	10	0	0	0	11	6	0	0	0	0	0	0	0	0	8	19	0	0	0	0	8	7	0	0	0	0	0	0	0	0	4	20	2	0	0	1	12	1	0	0	0	0	0	0	0	0	0	13	12	2	6	16	7	0	0	0	0	0	0	0	0	0	0	1	14	20	19	8	0	0	0	0	0	0
5147	0	0	0	0	0	0	0	8	20	7	0	0	0	0	0	0	0	0	0	0	0	0	0	7	20	8	0	0	0	0	0	0	0	0	0	0	0	0	0	14	20	4	0	0	0	0	0	0	0	0	0	0	0	0	2	20	18	0	0	0	0	0	0	0	0	0	0	0	0	0	10	20	12	0	0	0	0	0	0	0	0	0	0	0	0	0	18	20	8	0	0	0	0	0	0	0	0	0	0	0	0	5	20	18	1	0	0	0	0	0	0	0	0	0	0	0	0	14	20	11	0	0	0	0	0	0	0	0	0	0	0	0	3	20	20	3	0	0	0	0	0	0	0	0	0	0	0	0	9	20	16	7	12	12	6	0	0	0	0	0	0	0	0	0	17	20	20	20	20	18	18	12	0	0	0	0	0	0	0	2	20	20	20	17	3	0	11	20	2	0	0	0	0	0	0	2	20	20	20	7	0	0	8	20	2	0	0	0	0	0	0	0	18	20	20	3	0	4	18	17	0	0	0	0	0	0	0	0	4	18	20	15	17	20	19	4	0	0	0	0	0	0	0	0	0	4	17	20	20	15	5	0	0	0	0	0
5149	0	0	0	0	0	0	0	0	7	15	0	0	0	0	0	0	0	0	0	0	0	0	0	1	19	9	0	0	0	0	0	0	0	0	0	0	0	0	0	10	20	4	0	0	0	0	0	0	0	0	0	0	0	0	2	19	16	0	0	0	0	0	0	0	0	0	0	0	0	0	12	20	8	0	0	0	0	0	0	0	0	0	0	0	0	3	19	19	1	0	0	0	0	0	0	0	0	0	0	0	0	10	20	10	0	0	0	0	0	0	0	0	0	0	0	0	0	18	19	1	0	0	0	0	0	0	0	0	0	0	0	0	5	20	15	0	0	0	0	0	0	0	0	0	0	0	0	0	10	20	7	0	1	6	5	0	0	0	0	0	0	0	0	0	13	20	9	16	19	20	20	8	0	0	0	0	0	0	0	0	10	20	20	17	9	4	10	12	0	0	0	0	0	0	0	0	11	20	20	3	0	1	18	9	0	0	0	0	0	0	0	0	3	20	18	1	2	17	18	1	0	0	0	0	0	0	0	0	0	10	20	18	19	19	4	0	0	0	0	0	0	0	0	0	0	0	6	17	16	8	0	0	0	0	0	0
5271	0	0	0	0	0	0	0	7	17	3	0	0	0	0	0	0	0	0	0	0	0	0	0	11	20	5	0	0	0	0	0	0	0	0	0	0	0	0	0	12	19	0	0	0	0	0	0	0	0	0	0	0	0	0	1	18	12	0	0	0	0	0	0	0	0	0	0	0	0	0	10	20	4	0	0	0	0	0	0	0	0	0	0	0	0	0	18	15	0	0	0	0	0	0	0	0	0	0	0	0	0	6	20	7	0	0	0	0	0	0	0	0	0	0	0	0	0	14	19	1	0	0	0	0	0	0	0	0	0	0	0	0	1	19	13	0	0	0	0	0	0	0	0	0	0	0	0	0	8	20	5	1	9	16	11	1	0	0	0	0	0	0	0	0	15	17	3	16	20	18	17	15	0	0	0	0	0	0	0	3	20	18	19	19	9	1	0	19	6	0	0	0	0	0	0	6	20	20	16	5	0	0	0	17	5	0	0	0	0	0	0	3	19	16	1	0	0	2	11	19	2	0	0	0	0	0	0	0	11	20	18	16	19	20	18	5	0	0	0	0	0	0	0	0	0	6	14	19	15	13	3	0	0	0	0	0
5371	0	0	0	0	0	0	0	10	16	3	0	0	0	0	0	0	0	0	0	0	0	0	1	16	20	5	0	0	0	0	0	0	0	0	0	0	0	0	6	20	18	1	0	0	0	0	0	0	0	0	0	0	0	0	11	20	9	0	0	0	0	0	0	0	0	0	0	0	0	0	14	20	4	0	0	0	0	0	0	0	0	0	0	0	0	2	20	17	0	0	0	0	0	0	0	0	0	0	0	0	0	8	20	12	0	0	0	0	0	0	0	0	0	0	0	0	0	16	20	7	0	0	0	0	0	0	0	0	0	0	0	0	3	20	17	1	0	0	0	0	0	0	0	0	0	0	0	0	8	20	12	0	0	0	0	0	0	0	0	0	0	0	0	0	14	20	5	1	12	17	17	7	0	0	0	0	0	0	0	0	18	20	4	17	20	13	10	20	1	0	0	0	0	0	0	1	19	17	8	20	11	1	15	16	0	0	0	0	0	0	0	1	20	15	2	16	20	20	18	5	0	0	0	0	0	0	0	0	13	18	10	15	20	18	4	0	0	0	0	0	0	0	0	0	2	13	20	19	12	2	0	0	0	0	0	0
5437	0	0	0	0	0	0	0	0	1	14	2	0	0	0	0	0	0	0	0	0	0	0	0	0	11	16	0	0	0	0	0	0	0	0	0	0	0	0	0	1	20	5	0	0	0	0	0	0	0	0	0	0	0	0	0	7	19	1	0	0	0	0	0	0	0	0	0	0	0	0	0	16	15	0	0	0	0	0	0	0	0	0	0	0	0	0	4	20	6	0	0	0	0	0	0	0	0	0	0	0	0	3	17	16	0	0	0	0	0	0	0	0	0	0	0	0	1	18	20	6	0	0	0	0	0	0	0	0	0	0	0	0	12	20	17	0	0	0	0	0	0	0	0	0	0	0	0	3	20	20	9	0	0	0	0	0	0	0	0	0	0	0	0	10	20	20	4	1	9	15	13	18	4	0	0	0	0	0	0	14	20	20	6	16	20	20	20	20	14	0	0	0	0	0	0	11	20	20	20	20	20	20	20	20	14	0	0	0	0	0	0	2	19	20	20	20	20	19	20	20	7	0	0	0	0	0	0	0	5	20	20	20	20	19	15	6	0	0	0	0	0	0	0	0	0	9	13	17	11	0	0	0	0	0	0	0
5941	0	0	0	0	0	0	0	0	12	6	0	0	0	0	0	0	0	0	0	0	0	0	0	1	19	3	0	0	0	0	0	0	0	0	0	0	0	0	0	7	16	0	0	0	0	0	0	0	0	0	0	0	0	0	0	16	10	0	0	0	0	0	0	0	0	0	0	0	0	0	3	20	4	0	0	0	0	0	0	0	0	0	0	0	0	0	11	15	0	0	0	0	0	0	0	0	0	0	0	0	0	0	17	7	0	0	0	0	0	0	0	0	0	0	0	0	0	5	19	1	0	0	0	0	0	0	0	0	0	0	0	0	0	11	16	0	0	0	0	0	0	0	0	0	0	0	0	0	0	17	8	0	0	0	0	0	0	0	0	0	0	0	0	0	2	20	2	0	0	5	11	0	0	0	0	0	0	0	0	0	5	19	0	0	2	19	19	4	0	0	0	0	0	0	0	0	5	18	0	0	10	10	17	2	0	0	0	0	0	0	0	0	1	20	2	4	14	7	14	0	0	0	0	0	0	0	0	0	0	13	11	14	12	17	2	0	0	0	0	0	0	0	0	0	0	1	16	20	16	3	0	0	0	0	0	0
5950	0	0	0	0	0	0	0	1	15	15	1	0	0	0	0	0	0	0	0	0	0	0	0	11	19	4	0	0	0	0	0	0	0	0	0	0	0	0	0	18	10	0	0	0	0	0	0	0	0	0	0	0	0	0	5	19	1	0	0	0	0	0	0	0	0	0	0	0	0	0	13	11	0	0	0	0	0	0	0	0	0	0	0	0	0	0	18	6	0	0	0	0	0	0	0	0	0	0	0	0	0	4	20	2	0	0	0	0	0	0	0	0	0	0	0	0	0	9	17	0	0	0	0	0	0	0	0	0	0	0	0	0	0	14	11	0	0	0	0	0	0	0	0	0	0	0	0	0	1	19	6	0	0	0	0	0	0	0	0	0	0	0	0	0	3	20	5	8	10	5	0	0	0	0	0	0	0	0	0	0	7	20	18	13	13	19	16	1	0	0	0	0	0	0	0	0	9	20	8	0	0	2	15	8	0	0	0	0	0	0	0	0	5	20	17	13	2	0	15	8	0	0	0	0	0	0	0	0	1	17	12	5	6	14	16	1	0	0	0	0	0	0	0	0	0	4	16	20	18	11	0	0	0	0	0	0
6368	0	0	0	0	0	0	0	0	8	20	3	0	0	0	0	0	0	0	0	0	0	0	0	1	16	18	0	0	0	0	0	0	0	0	0	0	0	0	1	16	20	10	0	0	0	0	0	0	0	0	0	0	0	0	11	20	16	0	0	0	0	0	0	0	0	0	0	0	0	0	18	19	4	0	0	0	0	0	0	0	0	0	0	0	0	9	20	12	0	0	0	0	0	0	0	0	0	0	0	0	0	17	20	3	0	0	0	0	0	0	0	0	0	0	0	0	2	20	15	0	0	0	0	0	0	0	0	0	0	0	0	0	6	20	10	0	0	0	0	0	0	0	0	0	0	0	0	0	12	20	4	0	6	8	0	0	0	0	0	0	0	0	0	0	12	20	3	14	20	18	6	0	0	0	0	0	0	0	0	0	13	20	15	20	12	1	14	0	0	0	0	0	0	0	0	0	11	20	20	8	0	0	0	0	0	0	0	0	0	0	0	0	6	20	15	0	0	0	8	6	0	0	0	0	0	0	0	0	1	14	20	17	13	17	20	13	0	0	0	0	0	0	0	0	0	0	8	19	20	18	13	2	0	0	0	0
6435	0	0	0	0	0	0	0	0	8	19	2	0	0	0	0	0	0	0	0	0	0	0	0	0	15	17	0	0	0	0	0	0	0	0	0	0	0	0	0	8	20	9	0	0	0	0	0	0	0	0	0	0	0	0	1	18	19	1	0	0	0	0	0	0	0	0	0	0	0	0	11	20	10	0	0	0	0	0	0	0	0	0	0	0	0	2	19	19	1	0	0	0	0	0	0	0	0	0	0	0	0	8	20	12	0	0	0	0	0	0	0	0	0	0	0	0	0	12	20	6	0	0	0	0	0	0	0	0	0	0	0	0	0	19	20	0	0	0	0	0	0	0	0	0	0	0	0	0	3	20	15	0	0	0	0	0	0	0	0	0	0	0	0	0	5	20	14	8	9	2	0	0	0	0	0	0	0	0	0	0	8	20	20	20	20	19	8	0	0	0	0	0	0	0	0	0	8	20	18	7	16	20	20	6	0	0	0	0	0	0	0	0	7	20	20	10	0	10	20	8	0	0	0	0	0	0	0	0	1	10	18	20	19	16	18	1	0	0	0	0	0	0	0	0	0	0	4	14	19	17	3	0	0	0	0	0
6438	0	0	0	0	0	0	0	7	17	5	0	0	0	0	0	0	0	0	0	0	0	0	0	9	20	16	0	0	0	0	0	0	0	0	0	0	0	0	0	11	20	18	0	0	0	0	0	0	0	0	0	0	0	0	0	16	20	11	0	0	0	0	0	0	0	0	0	0	0	0	7	20	20	4	0	0	0	0	0	0	0	0	0	0	0	0	15	20	16	0	0	0	0	0	0	0	0	0	0	0	0	5	20	20	8	0	0	0	0	0	0	0	0	0	0	0	0	13	20	17	0	0	0	0	0	0	0	0	0	0	0	0	3	20	20	8	0	0	0	0	0	0	0	0	0	0	0	0	7	20	20	5	2	2	0	0	0	0	0	0	0	0	0	0	13	20	20	18	20	19	10	0	0	0	0	0	0	0	0	0	17	20	20	20	20	20	20	8	0	0	0	0	0	0	0	0	15	20	20	9	5	15	20	14	0	0	0	0	0	0	0	0	8	20	20	8	1	11	20	12	0	0	0	0	0	0	0	0	1	15	20	20	20	20	19	4	0	0	0	0	0	0	0	0	0	1	11	20	20	20	10	0	0	0	0	0
6536	0	0	0	0	0	0	0	6	19	12	1	0	0	0	0	0	0	0	0	0	0	0	0	17	20	20	11	0	0	0	0	0	0	0	0	0	0	0	5	20	20	15	4	0	0	0	0	0	0	0	0	0	0	0	12	20	19	1	0	0	0	0	0	0	0	0	0	0	0	1	19	20	14	0	0	0	0	0	0	0	0	0	0	0	0	7	20	20	8	0	0	0	0	0	0	0	0	0	0	0	0	12	20	20	2	0	0	0	0	0	0	0	0	0	0	0	1	18	20	14	0	0	0	0	0	0	0	0	0	0	0	0	8	20	20	8	0	0	0	0	0	0	0	0	0	0	0	0	16	20	19	1	0	0	0	0	0	0	0	0	0	0	0	0	19	20	15	0	3	1	0	0	0	0	0	0	0	0	0	0	18	20	17	14	20	19	9	1	0	0	0	0	0	0	0	0	18	20	20	20	20	20	20	10	0	0	0	0	0	0	0	0	14	20	20	20	20	20	20	19	0	0	0	0	0	0	0	0	3	20	20	20	20	20	20	15	0	0	0	0	0	0	0	0	0	7	16	18	15	11	8	1	0	0	0	0
6668	0	0	0	0	0	0	0	0	9	13	0	0	0	0	0	0	0	0	0	0	0	0	0	2	18	16	0	0	0	0	0	0	0	0	0	0	0	0	0	10	20	20	5	0	0	0	0	0	0	0	0	0	0	0	2	18	20	16	0	0	0	0	0	0	0	0	0	0	0	0	9	20	20	7	0	0	0	0	0	0	0	0	0	0	0	1	18	20	18	0	0	0	0	0	0	0	0	0	0	0	0	10	20	20	8	0	0	0	0	0	0	0	0	0	0	0	0	18	20	17	1	0	0	0	0	0	0	0	0	0	0	0	4	20	20	8	0	0	0	0	0	0	0	0	0	0	0	0	10	20	20	3	0	0	0	0	0	0	0	0	0	0	0	0	13	20	17	2	3	0	0	0	0	0	0	0	0	0	0	0	12	20	18	18	20	12	2	0	0	0	0	0	0	0	0	0	13	20	20	20	20	20	17	2	0	0	0	0	0	0	0	0	10	20	20	19	13	20	20	11	0	0	0	0	0	0	0	0	0	12	20	20	20	20	20	13	0	0	0	0	0	0	0	0	0	0	7	15	20	20	15	3	0	0	0	0
6669	0	0	0	0	0	0	0	0	7	16	0	0	0	0	0	0	0	0	0	0	0	0	0	1	18	7	0	0	0	0	0	0	0	0	0	0	0	0	0	12	18	1	0	0	0	0	0	0	0	0	0	0	0	0	2	19	19	1	0	0	0	0	0	0	0	0	0	0	0	0	10	20	14	0	0	0	0	0	0	0	0	0	0	0	0	0	19	19	3	0	0	0	0	0	0	0	0	0	0	0	0	7	20	13	0	0	0	0	0	0	0	0	0	0	0	0	1	19	20	5	0	0	0	0	0	0	0	0	0	0	0	0	8	20	16	0	0	0	0	0	0	0	0	0	0	0	0	0	15	20	7	0	0	0	0	0	0	0	0	0	0	0	0	0	19	20	2	0	3	7	3	0	0	0	0	0	0	0	0	3	20	17	5	16	20	20	19	4	0	0	0	0	0	0	0	2	20	20	20	20	20	20	20	19	3	0	0	0	0	0	0	1	18	20	20	20	20	20	20	8	0	0	0	0	0	0	0	0	9	20	20	20	20	20	13	0	0	0	0	0	0	0	0	0	0	7	14	18	17	7	0	0	0	0	0	0
6793	0	0	0	0	0	0	0	0	10	10	0	0	0	0	0	0	0	0	0	0	0	0	0	5	16	1	0	0	0	0	0	0	0	0	0	0	0	0	0	14	8	0	0	0	0	0	0	0	0	0	0	0	0	0	3	19	1	0	0	0	0	0	0	0	0	0	0	0	0	0	10	14	0	0	0	0	0	0	0	0	0	0	0	0	0	0	16	8	0	0	0	0	0	0	0	0	0	0	0	0	0	2	20	2	0	0	0	0	0	0	0	0	0	0	0	0	0	5	19	0	0	0	0	0	0	0	0	0	0	0	0	0	0	8	16	3	1	0	0	0	0	0	0	0	0	0	0	0	0	10	19	20	20	14	1	0	0	0	0	0	0	0	0	0	0	12	20	12	3	11	13	0	0	0	0	0	0	0	0	0	0	13	18	1	0	1	15	0	0	0	0	0	0	0	0	0	0	14	16	0	0	5	14	0	0	0	0	0	0	0	0	0	0	12	11	0	0	15	7	0	0	0	0	0	0	0	0	0	0	7	18	7	15	15	0	0	0	0	0	0	0	0	0	0	0	0	14	20	12	1	0	0	0	0	0	0
