-0.001100 1.017400 1.216900
0.007800 0.874600 0.127200
0.999200 0.981900 0.953000
-0.078800 0.049700 1.047500
1.216300 1.001600 0.866600
0.063600 0.918700 1.039700
-0.119700 0.180200 -0.100300
0.924400 1.115200 1.060800
0.042500 1.168300 0.285500
0.945200 0.887800 -0.044100
-0.005300 -0.149000 0.077200
1.098800 1.082700 0.223100
0.057400 -0.046000 0.182500
-0.073100 1.052800 0.992900
0.022100 0.944000 0.897900
0.973600 0.885500 0.067200
1.111800 0.889300 0.012600
-0.086300 0.932000 0.052600
0.940900 0.909700 1.041300
-0.020400 1.053900 1.023600
0.983300 1.062000 -0.000300
-0.003200 0.930000 0.799100
-0.125900 -0.105400 0.972400
0.161100 1.091900 0.952300
0.933200 0.819500 1.117700
0.094400 0.943500 0.926600
1.062400 -0.000500 0.992700
0.932700 0.985600 0.998000
1.035400 1.148600 0.017100
1.082300 0.087100 0.185900
0.865200 0.166800 0.991800
-0.045500 0.902000 -0.115700
0.874900 0.975400 0.957000
0.083800 -0.107400 0.149900
0.092300 -0.110400 1.068300
1.091900 0.007600 0.921200
0.892900 1.006700 1.021800
0.799300 0.936900 -0.023600
-0.036000 0.886800 0.128600
1.041500 0.990200 0.043900
1.058500 0.942900 0.042300
1.072100 0.191800 0.913800
0.865700 -0.002400 1.061800
1.009400 0.133400 0.851800
-0.076000 -0.063800 0.969700
0.039000 1.030200 -0.054000
0.015000 0.007800 0.030000
1.048100 1.084400 -0.060700
0.852100 0.995000 0.968700
1.057000 -0.011300 -0.239300
0.892100 -0.058700 0.034100
1.020600 0.071600 0.949800
-0.012300 0.081400 -0.075900
0.985800 0.948400 1.119000
1.187400 1.070200 1.188200
-0.065300 -0.037800 1.131400
0.107400 1.146100 1.049900
0.142900 -0.073800 0.950900
0.983000 0.996500 -0.204200
-0.012100 0.994700 -0.020800
-0.114600 1.066100 0.000100
1.017200 0.104900 1.057500
0.941700 1.148100 1.010400
1.071400 0.078500 1.004300
-0.062100 -0.063400 0.942300
0.953300 0.006000 -0.000600
-0.077500 1.057700 0.860700
-0.046100 -0.015900 0.128100
0.113200 0.025500 -0.140300
-0.046000 -0.037600 0.086900
0.986100 0.905900 0.787500
1.203100 -0.083600 -0.101800
-0.016500 1.145400 -0.039300
1.190000 0.226200 0.054200
1.126200 1.153300 1.064100
1.186500 -0.104500 0.099600
1.034900 1.028600 0.966300
-0.061300 1.114100 0.042400
0.084500 0.045400 1.010400
1.022900 0.776800 0.020000
0.034300 -0.196700 -0.000800
-0.016600 0.207900 0.093700
1.236800 1.026400 -0.143800
1.030300 0.056100 1.070800
0.981200 0.013500 0.939900
0.171100 0.913600 -0.145000
1.072100 0.884000 -0.064700
0.024700 -0.039300 0.091000
0.985700 -0.017600 -0.024400
0.043100 0.013000 0.912600
-0.037500 0.059000 0.007800
1.079600 1.222500 -0.219200
1.269200 1.178300 0.927400
-0.012700 -0.054200 -0.018600
1.157900 0.018700 0.052400
-0.024000 0.057700 0.912300
-0.076100 -0.174400 0.026700
-0.059900 0.120000 0.038000
-0.145700 -0.110600 0.980200
1.102300 -0.035400 0.958800
-0.080500 -0.022800 1.231600
-0.164400 1.106700 0.010200
0.035200 0.039800 1.003300
-0.205700 1.044900 0.914200
-0.087200 0.028000 1.002600
-0.002400 0.962300 0.969900
0.056600 0.797300 0.985600
0.901200 1.129100 -0.123400
-0.129100 1.053200 1.054800
-0.025100 0.027600 0.946400
0.009700 0.861600 1.251600
0.030300 1.062600 1.118600
0.237600 -0.051500 1.098500
-0.058900 0.896800 0.099500
0.036500 0.853500 1.155800
0.994200 1.095800 0.974300
-0.124600 1.155900 0.046200
0.100400 -0.005700 0.062600
-0.134800 0.931500 0.934600
0.007000 0.974600 1.002300
0.893600 1.062500 0.988700
0.138700 -0.043600 -0.066500
-0.023400 0.844200 1.133800
-0.038500 -0.075400 1.114100
-0.114900 0.990300 0.928600
0.986800 -0.226700 -0.135000
1.074900 0.102000 0.785400
0.874200 1.106600 1.061000
-0.045200 0.991000 -0.050300
0.933900 1.071800 -0.065800
0.149500 0.966400 1.118000
1.019700 0.830800 0.906200
0.063800 0.021000 -0.000200
1.088900 -0.034100 1.235200
0.899200 1.061900 1.195400
0.847600 1.113300 1.102600
0.075900 -0.038400 -0.205300
1.097200 -0.092300 0.102500
1.033500 0.969000 -0.037200
0.243700 0.943000 1.062500
0.061200 0.858000 0.962100
0.054200 1.015900 1.142700
1.044300 -0.280900 1.081500
0.983500 1.012700 0.026800
0.063300 0.055200 -0.043600
-0.039800 -0.125000 0.962500
0.857700 1.087000 0.118200
1.144700 -0.030300 0.147000
1.007700 0.071400 -0.027000
0.941000 -0.052700 0.908500
-0.050800 1.165100 0.090200
-0.015700 0.064200 1.010300
1.049100 0.983400 0.015800
-0.075700 0.986800 1.013600
0.098600 -0.076800 0.875000
-0.072200 1.004300 1.091800
0.045200 1.025800 0.017800
-0.043600 1.053000 0.105500
-0.043800 1.023500 -0.154200
-0.019800 1.142400 -0.067500
0.033400 1.055200 0.054300
0.911000 -0.113100 0.947600
0.997400 0.939400 -0.002800
1.109300 0.113000 -0.040100
1.066900 -0.113900 0.914200
0.996800 0.090600 0.065700
-0.157000 0.026100 1.040900
-0.004400 -0.099400 0.971800
0.037400 1.111100 1.310800
1.159300 0.055400 1.019800
-0.030300 0.974900 -0.102500
-0.077700 0.092400 0.126600
-0.005700 0.000000 0.892600
0.916700 -0.098500 0.057400
1.013800 0.872400 1.005300
0.956000 0.843600 0.974500
0.283200 1.033200 0.013300
0.095000 1.137900 0.161400
-0.008800 0.049900 -0.012000
-0.050200 0.835900 0.917400
0.933400 0.019300 -0.164300
0.809900 1.058800 -0.042100
1.041400 0.076900 1.117400
0.918000 -0.095700 -0.285200
0.075800 -0.075200 1.026100
1.010200 0.131400 0.904400
0.904400 -0.062000 0.884700
-0.013700 0.019700 1.002600
1.051000 -0.185600 1.072600
1.169100 -0.169900 0.041700
-0.189800 0.026500 1.128700
0.154700 -0.049400 0.023500
0.887700 -0.005800 0.110900
0.268900 0.901800 0.069800
1.071000 0.945900 0.863100
0.858800 -0.156200 0.084300
0.976900 1.138800 1.059800
0.032500 0.878300 1.111700
0.956200 0.980900 0.986000
0.097800 0.018800 0.948700
1.074800 -0.140600 1.003400
1.095400 0.783700 0.961200
-0.115200 0.025800 0.172300
-0.056100 0.302600 0.999100
1.019200 -0.099300 0.066400
0.014100 0.874800 1.025200
0.066900 0.894100 -0.050600
0.981700 -0.011200 1.071400
1.113900 1.100100 0.753800
1.107600 0.087100 -0.041300
0.974900 -0.095700 1.028400
0.015400 -0.034800 -0.104000
1.016100 -0.185600 1.115200
0.089100 1.136700 0.939400
0.951800 1.057100 -0.099200
1.065300 -0.039100 0.929300
0.032100 1.046500 0.856000
1.065000 0.935500 0.932900
0.064700 0.940100 1.103400
0.925800 0.118400 0.985200
0.096700 -0.048200 -0.040500
-0.032200 1.077200 0.203700
-0.059300 -0.071200 -0.003600
1.064900 1.095400 -0.248500
-0.057000 1.071700 -0.086200
0.910700 0.080800 0.059100
0.007400 1.024200 0.061000
-0.244700 -0.062500 0.051600
-0.117800 0.916500 1.072800
-0.031900 0.775300 1.067100
-0.004200 1.026100 0.028800
0.924800 1.101200 1.065900
0.119000 1.073700 0.176300
0.974900 0.811100 0.992600
1.169500 -0.069600 1.000500
0.181400 -0.136500 1.101300
1.159300 1.000600 -0.062200
1.176000 0.970100 1.086800
0.959400 0.847700 1.053900
0.080200 0.045600 -0.119600
0.956500 1.154000 -0.125700
0.020100 1.033000 0.869400
1.091300 1.050900 0.061100
0.033800 0.098900 0.977200
1.091700 1.040400 0.914400
-0.129100 0.012800 0.928200
1.107600 1.008600 0.031800
1.233700 0.931700 1.004600
-0.067200 1.135100 0.006400
1.031800 -0.114400 -0.060000
0.919100 0.036300 0.005000
0.017800 0.067200 0.044300
1.075700 -0.078000 0.977700
-0.214000 -0.013700 -0.042600
0.093600 -0.013000 1.004200
1.178800 0.112500 0.017700
-0.137600 -0.084600 0.166400
-0.036000 1.064300 -0.165600
0.040100 -0.149300 0.069000
0.018900 1.058600 1.070500
0.962700 0.170300 1.126600
-0.039000 0.958400 1.029700
0.152200 0.914700 1.217100
0.004200 0.061400 0.042400
1.049300 0.916500 -0.086800
1.073900 0.071700 0.028900
0.978100 0.009100 -0.032300
1.104800 0.039900 0.902600
0.103600 0.989000 0.996400
0.810800 1.012200 0.122900
1.111400 0.861900 0.906100
0.001800 1.043200 0.156600
-0.127000 0.873500 0.903000
1.117800 0.183800 -0.158100
0.119700 0.945800 0.841600
1.356300 -0.041700 0.869100
-0.011300 0.949200 0.305000
0.042800 -0.071700 1.145000
-0.087500 1.020500 -0.001400
0.137900 0.779200 0.955200
1.188100 -0.022300 0.977700
1.130100 0.896300 0.031000
0.073800 0.118600 0.096600
1.071000 -0.041300 0.015900
0.973700 0.925300 -0.038600
0.024800 1.135200 0.035700
0.779300 -0.011200 0.966400
-0.039200 -0.136900 0.985300
0.956100 0.008700 0.101100
0.847900 1.104900 0.077100
0.967300 0.964900 0.742700
0.110800 0.941000 0.185800
-0.042800 1.009900 0.810600
0.913900 1.117800 -0.006900
0.287200 0.057000 0.891600
1.132200 0.966600 0.033200
1.006400 0.817800 -0.124600
-0.051700 0.932000 0.193000
1.036100 0.034600 1.034300
0.018500 -0.048600 0.910200
0.893900 -0.034400 0.211300
0.754500 1.005300 0.936500
-0.086600 0.043600 0.969200
1.009100 0.054400 1.016900
1.084800 1.035700 -0.047000
-0.117500 0.059100 0.952900
1.030700 0.019100 -0.032900
-0.129900 1.100100 1.016600
0.879200 -0.019300 1.014300
1.046900 0.998400 0.138400
-0.193700 1.026500 -0.016300
0.775200 0.947500 1.157200
0.937000 1.071600 1.157200
1.022400 1.084200 -0.039700
0.805700 -0.076200 -0.049700
0.063800 0.261200 0.908000
-0.095500 -0.072800 1.148700
0.016100 1.104800 1.161200
0.885600 0.989200 0.838000
-0.250600 0.833700 0.899300
1.078900 -0.181100 1.163200
-0.011200 0.859300 0.003800
0.028100 1.024100 -0.034900
0.923200 -0.096800 -0.109300
-0.051300 1.142600 -0.020300
-0.019200 -0.267600 0.811300
1.114100 0.992600 0.906900
-0.001100 0.082500 -0.007800
0.982800 1.203700 0.018000
1.032300 1.001600 0.939400
-0.006700 0.848900 1.108900
-0.065400 -0.043200 0.003600
0.132500 0.912700 0.981500
1.053500 1.015100 1.011800
1.138900 -0.054100 1.002600
0.768800 0.056200 -0.087300
-0.030000 -0.119700 1.078400
1.066100 -0.070800 1.110400
-0.013000 0.063300 -0.070500
1.138500 1.072700 0.056800
0.114800 1.014200 1.038600
0.178400 0.100600 -0.028400
1.064800 0.058700 -0.029200
-0.049000 0.004500 0.975800
0.034100 0.053200 -0.175300
-0.020800 0.182500 1.124100
0.942800 1.110100 0.186400
-0.006700 -0.055200 -0.076500
0.104700 0.036600 0.055000
-0.086500 0.905900 0.969000
1.002400 0.975400 0.029100
0.000100 0.907700 0.867500
0.183700 0.037500 -0.049400
1.040300 0.073200 0.943300
0.039000 -0.053600 0.042600
0.823500 1.059400 0.959600
0.021700 0.193100 0.111700
1.050300 -0.044800 0.806500
-0.036300 0.794500 -0.166000
-0.010700 -0.073700 0.891400
0.972400 1.078200 0.120400
0.001400 0.062500 1.061600
-0.081900 -0.138300 -0.090700
0.928200 0.116900 1.063900
0.002900 0.089100 0.871000
0.937600 0.979200 1.129900
-0.165900 0.087800 1.055800
1.093200 0.114200 0.932000
-0.017700 1.123000 0.003000
-0.039100 0.925000 -0.074000
0.036500 0.003700 0.026200
1.039600 -0.203100 0.985800
1.075700 1.174500 -0.021200
0.019500 0.089300 1.059900
1.222200 -0.157500 1.094200
1.044300 0.937400 -0.050900
0.858400 0.151400 0.014800
1.071300 -0.002500 0.095600
-0.074300 0.987900 -0.022300
1.063000 0.122500 -0.230100
0.895500 0.976800 0.145100
-0.064600 0.079500 -0.044500
-0.289400 0.969300 1.020200
-0.077500 -0.083900 0.105100
1.041500 -0.164100 0.108200
-0.109800 1.099800 -0.010900
1.252800 0.838300 -0.114500
1.014500 0.127400 1.014500
1.222400 0.946400 0.991500
1.113200 0.151300 -0.136700
-0.144200 1.065200 1.070300
0.840600 1.134300 1.050500
0.917200 0.071600 -0.090400
-0.087400 0.043400 0.037600
0.972900 0.974500 1.031500
-0.123600 0.113400 0.835900
0.925100 0.208700 -0.207800
0.077100 0.182500 1.062400
0.224000 0.969100 -0.076500
0.935400 -0.032300 -0.002700
0.838200 1.132700 1.180800
-0.141100 0.917700 1.032200
0.095600 0.192800 1.029900
-0.008000 -0.128600 1.015700
1.033900 -0.121600 0.100500
-0.028800 0.268300 1.012700
0.889800 0.027700 -0.050800
0.051000 0.013400 1.134400
1.088500 -0.012800 1.088600
-0.027700 0.984500 0.003000
1.032000 0.832300 0.887400
-0.013200 0.947600 -0.084100
-0.077500 0.070900 0.072900
1.026200 0.950700 -0.064500
0.021200 0.897400 0.201700
-0.037600 0.939400 0.115300
-0.008900 1.063900 0.086100
1.004300 -0.002800 0.096400
0.986500 0.131200 0.904000
0.116800 -0.044500 0.118800
0.089400 0.771700 0.991100
0.010200 1.122100 -0.069900
1.166500 0.012700 1.054300
-0.149800 0.063100 0.929000
-0.022100 0.863500 0.047800
1.147500 -0.073200 0.995100
1.016900 0.064400 -0.124000
0.072500 0.057900 0.982800
0.993500 -0.041900 0.975000
-0.232200 -0.224700 0.837000
0.023900 0.992600 0.031100
0.997600 -0.004400 -0.026800
-0.159500 -0.026700 -0.027500
0.116700 -0.121600 0.973900
0.068300 0.131700 0.010400
1.092800 0.077700 1.135500
0.958800 0.848500 1.034600
0.092700 0.161800 1.204600
0.208900 0.814100 1.138900
-0.177900 1.043000 1.021600
0.089600 0.092000 -0.024400
-0.184800 -0.117400 -0.020600
1.071000 -0.172500 0.073200
1.121400 1.047900 0.986700
-0.073200 1.000800 0.972400
0.187400 -0.134500 0.091000
-0.116600 -0.078800 -0.050000
0.962300 -0.034500 0.914900
0.940300 -0.079100 0.091000
1.000700 1.118500 -0.170900
0.044700 1.031400 0.125500
-0.052200 1.054300 1.041800
1.188800 -0.014400 0.933700
0.045500 0.012100 -0.035500
0.069600 0.943500 -0.000600
0.090300 0.840600 0.091900
0.966600 0.010900 -0.228500
0.017400 0.072400 0.074200
1.014300 -0.058000 0.914300
0.931700 -0.314400 -0.108300
-0.040600 -0.063500 0.918300
0.906000 0.943900 0.053600
0.952700 0.151600 0.002400
0.184300 0.864200 0.963800
1.035500 -0.026400 -0.005400
0.112200 1.062800 1.103600
-0.188000 1.365500 -0.018800
-0.067100 1.029000 1.138800
0.014300 -0.021700 -0.199400
0.100400 -0.084200 1.021500
0.034800 1.116500 1.016400
0.925200 1.097200 0.815000
1.076600 0.095400 -0.021500
0.018300 0.106600 0.986700
0.956700 -0.101900 1.097000
0.959900 -0.145600 1.079000
-0.070300 1.014600 -0.014300
0.056100 1.021000 0.075900
0.942200 0.860700 -0.079200
-0.186500 0.957200 0.016400
0.002400 -0.007500 0.117700
-0.084600 -0.058300 0.054500
-0.061200 -0.002300 0.934900
0.177200 0.750200 0.952300
0.087100 0.912200 -0.014600
1.080500 0.989800 1.076200
-0.063600 1.126800 1.049800
0.909100 1.036900 1.029800
1.175000 -0.020800 1.055600
0.993900 0.010500 0.942800
0.052800 -0.092700 1.150300
-0.010000 -0.221200 0.942500
0.956100 -0.009500 0.033300
1.098200 0.928800 1.169400
1.100400 -0.131800 1.146000
0.978400 1.047000 1.010500
0.144500 0.014600 1.103400
0.934500 -0.070800 0.023900
0.279000 1.016700 0.982900
0.950400 1.108700 -0.087600
-0.045700 0.044900 1.088300
0.081000 1.024300 0.966100
1.023200 0.044700 -0.108700
1.014700 0.025800 0.939700
-0.096200 -0.063300 -0.114400
-0.069100 -0.073100 0.100200
0.981700 1.001600 1.035000
1.113100 -0.059200 -0.105500
1.204000 0.000800 0.021000
0.044600 -0.016400 1.188700
0.860300 -0.016500 0.038000
0.989200 0.988600 1.051100
0.019200 1.155500 1.070400
0.047500 0.988700 1.003500
0.061100 1.012900 1.008700
1.216800 0.989900 0.885500
0.019300 1.053300 0.072400
1.048600 -0.063300 -0.066200
0.955000 0.908500 -0.103500
0.915600 1.149200 0.899900
1.068400 -0.139500 0.099200
0.966900 0.745400 0.129600
-0.031000 1.040600 0.017600
0.086000 0.989500 1.045100
0.178300 -0.059800 1.109400
0.083700 0.018000 0.000000
0.710000 0.111000 -0.036400
1.001300 -0.113900 0.816000
0.053500 1.084200 -0.015000
1.003000 0.112800 -0.073200
1.030400 1.003300 -0.102300
0.038400 -0.031100 0.985300
0.070500 -0.054000 -0.032200
1.174700 0.904200 0.989200
1.105400 1.096700 -0.040300
-0.014700 -0.168300 0.024800
1.053800 1.073600 -0.063100
-0.020500 -0.023200 -0.140700
1.120700 0.139700 1.266600
1.013900 -0.002300 0.004700
0.923500 1.010200 1.010700
0.081100 -0.026700 0.999400
-0.005500 0.947700 0.019400
0.919500 0.061000 0.867300
0.975800 -0.042900 0.954700
-0.055200 -0.008400 0.951400
0.014400 -0.035800 0.275500
0.052900 0.075800 1.012200
0.140900 -0.027300 0.074600
0.983300 1.090600 1.048100
1.107500 -0.081200 0.007000
-0.204800 0.050000 1.025300
0.187200 0.063500 0.001600
0.008200 0.910200 0.019100
1.058100 1.078700 0.010900
0.074600 0.949600 -0.056700
-0.127200 0.890000 1.006200
1.113700 0.950200 -0.127300
0.973700 -0.006700 0.912500
0.963200 -0.123600 1.050500
0.038700 0.133500 -0.133800
0.795100 0.026700 -0.024300
1.118900 1.031100 -0.077300
-0.011000 0.063300 0.062300
-0.020100 0.049000 1.019700
0.948300 -0.130300 0.161100
0.000300 0.011900 -0.008100
0.882700 0.003200 0.073300
0.954400 0.855000 0.872700
0.041900 0.041100 0.056100
-0.114500 1.057100 -0.232400
1.099200 0.997600 1.118900
0.101900 0.960900 -0.063300
-0.018300 0.072000 -0.037900
0.986900 0.933600 0.040300
1.015000 0.089800 -0.019300
-0.109600 0.949300 0.087900
1.053900 -0.117300 0.061900
-0.012200 0.945400 0.919300
1.078100 0.089800 1.101500
0.097900 1.024300 1.213600
-0.027400 1.031700 -0.016700
0.066700 1.046400 1.135300
-0.112400 0.042000 1.026800
1.059000 0.928400 0.118400
0.203500 -0.015300 0.143200
0.071700 1.117600 -0.035500
-0.036700 0.982800 1.025600
1.096900 0.071800 0.868800
0.066200 0.050400 1.034600
1.149600 0.053400 0.993800
0.964200 0.994400 1.077900
-0.138700 1.054900 0.122200
1.025100 0.869200 0.921700
-0.021400 1.042200 0.877500
0.888800 1.014900 0.051100
1.061700 1.020700 1.184500
1.211400 -0.085100 -0.079600
1.122900 -0.041600 0.904100
-0.111200 0.969300 0.008300
0.865800 1.033200 0.011700
0.923500 1.253400 0.026300
0.982300 1.288500 0.063400
-0.027400 -0.089100 1.002400
0.079000 0.859100 -0.061400
0.079000 0.986200 -0.144700
0.902100 -0.030500 1.057400
-0.047500 0.974800 1.055700
-0.153900 1.115900 -0.101100
0.909100 0.975900 1.007800
1.060400 0.918500 0.118500
0.849000 -0.110100 0.200700
0.000800 0.868400 1.027900
1.060200 1.012500 -0.081100
0.965500 1.140100 -0.162600
0.033900 1.143800 1.137700
0.024900 0.234200 -0.121100
0.879100 0.950000 0.030000
0.051400 0.835400 -0.075700
0.052400 -0.121600 0.088900
0.040200 0.870400 1.002900
-0.030800 1.066800 1.011500
0.100700 -0.089900 0.008300
-0.074100 1.098600 1.057700
0.807300 0.950800 -0.009200
0.044100 0.035300 1.014600
-0.013300 -0.020300 0.884000
1.062800 0.987300 0.864300
-0.152700 -0.096100 1.117100
0.931800 -0.239600 1.021600
0.934700 0.273200 -0.033500
-0.156600 -0.014200 -0.099000
0.914700 1.012800 -0.004700
0.970000 -0.083000 1.075600
1.051700 0.990200 1.081300
-0.017500 0.174500 0.142400
0.129000 0.048700 1.063100
0.056600 1.067800 0.052100
0.999300 -0.204600 1.074200
1.138700 1.067000 -0.172200
0.027400 -0.126200 0.857200
-0.002700 0.794500 1.078400
-0.035500 0.072400 0.754200
0.000500 0.995400 0.879900
0.942300 -0.079600 1.145900
1.037500 0.944300 0.926900
0.946300 0.073100 1.138200
-0.046800 -0.010700 -0.103600
-0.147500 -0.022300 -0.022400
1.052500 0.946000 0.957800
1.051600 -0.056300 0.017600
1.011900 0.040300 0.818500
1.042800 -0.050600 0.080600
0.042200 1.124900 0.897000
1.164900 0.961800 0.019100
1.018600 0.007900 0.917000
0.824300 -0.044100 0.036400
1.063500 0.887000 0.907500
0.855500 0.971400 0.007800
-0.044600 1.264500 -0.077700
0.818000 0.076500 -0.045700
-0.056600 -0.044100 0.195000
1.164500 0.967800 0.946200
0.097500 0.957700 1.111300
0.221200 0.018900 0.123800
0.914800 1.093300 0.804900
0.159000 -0.113900 0.928800
1.053900 0.165300 1.102300
-0.023500 0.987300 0.003300
0.912300 1.109000 0.905100
1.036500 0.160200 -0.097400
1.073200 0.945700 -0.087700
1.006200 0.949800 0.117800
0.939600 0.986900 1.003200
-0.078200 0.106300 1.005200
1.021400 0.040900 0.866600
0.057500 0.103700 1.037100
0.986300 0.156400 -0.079800
-0.049400 0.009600 1.006300
0.111300 0.985200 0.057100
0.169900 0.144800 0.164100
1.011000 -0.024000 0.035100
0.964600 0.101400 0.934200
-0.074500 0.952100 -0.143400
-0.295300 1.003200 -0.139100
1.128800 0.024900 1.004900
0.879300 0.936400 1.046800
0.017900 -0.177700 0.991000
1.177400 -0.042200 0.052200
-0.089500 1.002900 -0.058800
1.001400 0.952100 0.095000
-0.125100 0.782100 1.113900
0.916600 1.048700 -0.075200
1.019700 1.049600 0.951200
-0.058300 0.868100 0.086900
0.141300 0.916900 0.913600
-0.142700 0.996100 -0.063000
0.084100 -0.138200 -0.088800
1.038800 1.073400 0.881700
1.029200 0.827000 0.950600
-0.006000 0.039900 0.023600
0.782600 0.063700 1.010800
-0.000100 1.260400 -0.012700
1.063100 1.034100 0.897000
-0.106200 0.081700 -0.083400
1.107900 0.887500 0.999400
0.912000 -0.120500 0.077300
1.013500 -0.013400 0.920600
1.224800 0.031600 0.984200
1.097100 0.740300 0.039000
-0.016800 0.987400 0.991000
0.870600 1.029400 -0.045600
-0.107100 0.972100 -0.098400
-0.121300 -0.026500 0.008600
0.165500 0.062000 1.078100
0.116000 -0.116400 0.102900
1.088000 0.994900 0.063000
0.976000 0.966300 0.136200
0.164000 0.108500 1.075700
1.063400 0.052700 -0.131000
-0.086100 1.042700 0.116800
1.014900 -0.133000 0.959200
-0.135500 0.028400 0.116600
1.243300 0.118400 0.073800
1.145300 1.051800 1.075900
-0.139300 0.187700 1.025700
0.939200 0.815700 0.964800
1.112400 0.925100 0.217600
0.924400 0.168500 0.824200
1.041900 1.039500 0.033500
0.861500 0.055900 0.042600
-0.025400 1.038000 1.168600
0.894500 0.081800 -0.045300
1.179800 -0.083100 0.109900
-0.028300 1.199100 0.043200
1.043700 1.164400 1.002000
1.118800 0.923100 -0.075700
1.032400 0.898000 0.084100
0.971700 1.044700 0.003400
1.161800 0.900600 0.909100
0.018700 1.059300 0.900800
-0.139400 0.121300 0.899400
0.102400 0.173100 1.041000
0.989700 -0.045600 -0.116800
1.077700 0.158900 0.020100
0.980400 -0.032600 0.111200
0.950400 -0.072500 0.902400
-0.021600 1.061000 0.981400
0.943700 1.057300 1.050800
1.049800 -0.007300 -0.040700
0.043000 1.095000 -0.128000
0.047900 -0.036900 0.921800
-0.065700 0.124800 -0.047600
0.030000 0.056900 0.071200
-0.015000 1.095600 0.962600
1.171200 1.043100 -0.044700
1.098600 0.003500 -0.058700
1.034700 -0.146200 0.973100
0.004200 -0.003600 1.049700
0.002300 0.063100 0.053000
1.026400 0.009000 1.025100
-0.027100 1.107400 1.081700
-0.030700 0.848900 0.932900
-0.039300 1.099000 0.865700
0.932000 0.968600 0.839300
0.974800 0.908400 -0.007500
0.869500 0.913200 0.038000
0.965100 0.967600 -0.085600
-0.165100 0.901000 1.195400
0.921900 0.034700 0.885400
0.962800 1.004400 1.026000
-0.096300 1.106800 -0.131800
1.291900 0.944200 0.855400
-0.074000 0.864500 -0.135100
0.912600 0.942400 -0.077600
0.973900 0.091500 0.104600
0.113700 0.978300 0.021700
0.072800 0.050900 1.039000
1.000200 -0.018900 0.081500
1.036100 0.007400 1.124500
0.891600 -0.087300 -0.188200
0.080300 0.988000 -0.000900
-0.016300 0.150800 0.035000
0.087700 -0.108400 1.161100
0.983500 0.910400 1.140000
0.968300 -0.062400 1.109700
1.065000 1.054400 -0.145300
0.949300 1.109000 1.065000
0.058500 0.170700 -0.006300
0.892000 -0.005200 0.937200
1.048600 1.028100 1.077000
1.002300 1.017800 0.012400
0.891900 0.052400 1.062700
1.256000 1.048500 0.956400
0.886000 1.016700 1.071600
1.012200 -0.016600 0.974200
0.042600 0.180300 1.119100
1.070400 1.011600 0.042600
1.103600 1.071700 -0.018000
0.983200 0.941500 -0.066900
