569 30
0 179 103 1228 10010 1 2 3 1 2 0 10 9 85 1534 0 0 0 0 0 0 253 173 1846 20190 1 6 7 2 4 1
1 205 177 1329 13260 0 0 0 0 1 0 5 7 33 740 0 0 0 0 0 0 249 234 1588 19560 1 1 2 1 2 0
2 196 212 1300 12030 1 1 1 1 2 0 7 7 45 940 0 0 0 0 0 0 235 255 1525 17090 1 4 4 2 3 0
3 114 203 775 3861 1 2 2 1 2 0 4 11 34 272 0 0 0 0 0 0 149 265 988 5677 2 8 6 2 6 1
4 202 143 1351 12970 1 1 1 1 1 0 7 7 54 944 0 0 0 0 0 0 225 166 1522 15750 1 2 4 1 2 0
5 124 157 825 4771 1 1 1 0 2 0 3 8 22 271 0 0 0 0 0 0 154 237 1034 7416 1 5 5 1 3 1
6 182 199 1196 10400 0 1 1 0 1 0 4 7 31 539 0 0 0 0 0 0 228 276 1532 16060 1 2 3 1 3 0
7 137 208 902 5779 1 1 0 0 2 0 5 13 38 509 0 0 0 0 0 0 170 281 1106 8970 1 3 2 1 3 1
8 130 218 875 5198 1 1 1 0 2 0 3 10 24 243 0 0 0 0 0 0 154 307 1062 7393 1 5 5 2 4 1
9 124 240 839 4759 1 2 2 0 2 0 2 15 20 239 0 0 0 0 0 0 150 406 976 7114 1 10 11 2 4 2
10 160 232 1027 7978 0 0 0 0 1 0 3 11 24 405 0 0 0 0 0 0 191 338 1238 11500 1 1 1 0 2 0
11 157 178 1036 7810 0 1 0 0 1 0 5 9 35 541 0 0 0 0 0 0 204 272 1365 12990 1 5 3 1 3 1
12 191 248 1324 11230 0 2 2 1 2 0 9 35 110 1162 0 0 0 0 0 0 209 299 1517 13320 1 3 3 1 3 1
13 158 239 1037 7827 0 1 0 0 1 0 4 10 29 365 0 0 0 0 0 0 168 276 1120 8765 1 1 2 1 2 0
14 137 226 936 5783 1 2 2 0 2 0 2 11 20 192 0 0 0 0 0 0 150 320 1088 6977 1 7 6 2 3 1
15 145 275 967 6588 1 1 1 0 2 0 3 10 28 325 0 0 0 0 0 0 174 371 1241 9432 1 6 7 1 4 1
16 146 201 947 6845 0 0 0 0 1 0 4 12 31 454 0 0 0 0 0 0 190 308 1234 11380 1 1 2 1 3 0
17 161 206 1081 7988 1 2 1 1 2 0 5 10 38 541 0 0 0 0 0 0 209 314 1368 13150 1 4 4 2 3 1
18 198 221 1300 12600 0 1 1 0 1 0 7 10 58 1124 0 0 0 0 0 0 273 308 1868 23980 1 3 5 2 2 0
19 135 143 874 5663 0 0 0 0 1 0 2 7 20 235 0 0 0 0 0 0 151 192 997 7112 1 1 2 1 2 0
20 130 157 856 5200 1 1 0 0 1 0 1 7 13 146 0 0 0 0 0 0 145 204 960 6305 1 2 1 0 3 0
21 95 124 603 2739 1 0 0 0 1 0 2 9 19 157 0 0 0 0 0 0 102 156 651 3149 1 1 0 0 2 0
22 153 142 1025 7044 1 2 2 0 2 0 4 7 33 449 0 0 0 0 0 0 180 190 1251 9809 1 5 6 2 4 0
23 211 230 1372 14040 0 1 1 0 1 0 6 11 43 939 0 0 0 0 0 0 291 355 1880 26150 1 2 3 2 2 0
24 166 213 1100 9046 1 1 1 0 1 0 8 9 54 1026 0 0 0 0 0 0 264 315 1770 22150 1 3 4 2 3 0
25 171 164 1160 9127 1 2 2 1 3 0 10 9 72 1114 0 0 0 0 0 0 222 214 1524 14610 1 3 3 2 4 1
26 145 215 974 6448 1 1 1 0 2 0 2 9 21 210 0 0 0 0 0 0 176 332 1224 8969 1 6 5 2 4 1
27 186 202 1221 10940 0 1 1 0 1 0 8 18 56 935 0 0 0 0 0 0 213 272 1399 14030 1 2 3 1 2 0
28 153 252 1024 7324 1 1 1 0 1 0 4 10 34 435 0 0 0 0 0 0 202 367 1493 12690 1 6 6 2 4 0
29 175 150 1150 9551 0 1 0 0 1 0 6 8 46 611 0 0 0 0 0 0 200 195 1349 12270 1 2 2 1 2 0
30 186 251 1248 10880 1 1 2 1 2 0 8 14 55 1050 0 0 0 0 0 0 231 340 1605 16700 1 4 6 1 3 0
31 118 187 779 4406 1 1 1 0 2 0 4 10 34 410 0 0 0 0 0 0 168 281 1194 8887 1 5 6 1 4 1
32 170 239 1128 8993 1 1 2 1 2 0 6 13 39 677 0 0 0 0 0 0 208 320 1361 13440 1 3 5 1 3 0
33 192 264 1279 11620 0 1 1 0 1 0 5 6 35 681 0 0 0 0 0 0 241 309 1614 18130 1 6 6 1 3 1
34 161 178 1070 8072 1 1 1 0 1 0 3 6 21 350 0 0 0 0 0 0 202 272 1327 12610 1 5 5 1 4 1
35 167 215 1101 8695 0 1 1 0 1 0 4 9 30 451 0 0 0 0 0 0 200 290 1335 12290 1 3 5 1 4 0
36 142 217 936 6330 0 1 1 0 1 0 2 10 26 249 0 0 0 0 0 0 158 303 1162 7996 1 4 5 1 3 1
37 130 184 826 5238 0 0 0 0 1 0 1 23 11 141 0 0 0 0 0 0 133 228 844 5459 0 0 0 0 1 0
38 149 252 955 6988 0 0 0 0 1 0 12 21 80 1060 0 0 0 0 0 0 149 252 955 6988 0 0 0 0 1 0
39 134 208 884 5592 1 1 1 0 1 0 2 5 15 185 0 0 0 0 0 0 155 260 1073 7404 1 4 5 2 2 1
40 134 215 861 5630 0 0 0 0 1 0 2 8 15 205 0 0 0 0 0 0 159 302 1025 7879 1 2 2 1 2 0
41 109 213 719 3711 1 1 1 0 1 0 2 14 18 169 0 0 0 0 0 0 128 353 872 5140 1 2 4 1 2 0
42 190 248 1283 11040 0 2 2 0 2 0 9 16 88 1049 0 1 0 0 0 0 240 331 1774 16510 1 7 7 2 4 1
43 132 202 873 5452 1 1 0 0 1 0 3 8 24 313 0 0 0 0 0 0 173 280 1131 9072 1 3 3 1 3 1
44 131 218 854 5315 0 1 0 0 1 0 1 6 13 144 0 0 0 0 0 0 162 298 1055 7407 1 3 3 1 3 0
45 186 176 1237 10760 1 1 1 1 1 0 6 6 42 715 0 0 0 0 0 0 228 213 1506 15670 1 5 7 2 3 0
46 81 168 517 2019 0 0 0 0 1 0 1 9 10 82 0 0 0 0 0 0 89 219 572 2422 1 1 0 0 3 0
47 131 186 859 5346 1 1 1 0 2 0 2 8 18 242 0 0 0 0 0 0 156 279 1028 7594 1 4 5 2 3 1
48 120 146 780 4493 1 0 0 0 1 0 2 7 18 198 0 0 0 0 0 0 137 207 898 5826 1 2 3 0 2 0
49 134 223 869 5610 0 0 0 0 1 0 2 13 17 202 0 0 0 0 0 0 151 318 990 6988 1 1 2 1 2 0
50 117 216 747 4279 0 0 0 0 1 0 4 12 26 284 0 0 0 0 0 0 129 257 829 5165 1 0 0 0 2 0
51 136 163 872 5718 0 0 0 0 1 0 1 9 14 145 0 0 0 0 0 0 146 231 960 6567 1 1 1 0 2 0
52 119 182 757 4376 0 0 0 0 1 0 2 6 15 174 0 0 0 0 0 0 131 213 836 5272 1 0 0 0 2 0
53 182 187 1203 10330 1 1 1 1 2 0 8 15 48 988 0 0 0 0 0 0 206 241 1351 13210 1 2 2 1 3 0
54 151 220 972 7128 0 0 0 0 1 0 3 8 20 299 0 0 0 0 0 0 181 316 1177 10300 1 2 2 1 2 0
55 115 187 733 4090 0 0 0 0 1 0 3 9 21 234 0 0 0 0 0 0 128 224 818 5062 1 0 0 0 3 0
56 192 185 1255 11520 1 1 1 0 1 0 7 11 48 1025 0 0 0 0 0 0 261 281 1701 21450 1 3 3 2 3 0
57 147 215 955 6569 1 1 1 0 2 0 4 11 27 400 0 0 0 0 0 0 178 307 1157 9855 1 4 3 1 3 1
58 130 193 826 5272 0 0 0 0 1 0 4 12 25 329 0 0 0 0 0 0 142 222 902 6241 1 0 0 0 2 0
59 86 117 543 2245 0 0 0 0 1 0 1 5 10 83 0 0 0 0 0 0 95 154 599 2749 1 1 1 0 3 0
60 101 148 645 3119 1 0 0 0 2 0 5 14 33 346 0 0 0 0 0 0 110 174 698 3686 1 0 0 0 3 0
61 85 209 546 2218 1 0 0 0 1 0 3 20 24 183 0 0 0 0 0 0 95 270 620 2739 1 1 0 0 2 0
62 142 221 964 6457 1 2 2 0 1 0 7 12 53 607 0 0 0 0 0 0 176 295 1191 9595 1 6 6 1 2 1
63 91 138 592 2609 0 0 0 0 2 0 4 22 26 235 0 0 0 0 0 0 100 192 655 3101 0 1 1 0 3 0
64 126 238 826 4990 1 1 1 0 1 0 4 11 29 364 0 0 0 0 0 0 170 334 1118 8883 1 4 4 1 3 1
65 147 239 974 6683 1 1 1 0 1 0 3 12 24 352 0 0 0 0 0 0 173 333 1146 9251 1 3 3 1 3 0
66 94 210 601 2694 1 0 0 0 1 0 2 20 16 142 0 0 0 0 0 0 104 315 670 3307 1 1 0 0 2 0
67 113 190 718 3941 0 0 0 0 1 0 2 9 18 181 0 0 0 0 0 0 123 238 780 4667 1 0 1 0 2 0
68 90 173 587 2505 1 1 3 0 2 0 3 11 18 176 0 0 3 0 0 0 103 226 655 3247 1 4 12 1 4 1
69 127 164 813 5025 0 0 0 0 1 0 2 8 14 183 0 0 0 0 0 0 134 197 856 5549 1 0 1 0 2 0
70 189 213 1236 11300 0 1 1 0 1 0 7 7 54 960 0 0 0 0 0 0 248 265 1659 18660 1 2 2 1 2 0
71 88 146 587 2440 0 1 0 0 1 0 5 8 31 254 0 0 0 0 0 0 97 156 625 2844 1 2 1 0 2 1
72 172 245 1142 9294 1 1 1 0 1 0 5 10 37 694 0 0 0 0 0 0 233 338 1516 16810 1 7 6 1 3 1
73 138 157 904 5841 1 1 0 0 1 0 2 6 19 233 0 0 0 0 0 0 165 208 1103 8124 1 3 2 1 2 1
74 123 165 791 4709 0 0 0 0 1 0 2 10 17 196 0 0 0 0 0 0 141 232 897 6111 1 1 1 0 2 0
75 160 196 1041 8177 0 0 0 0 1 0 7 10 50 792 0 0 0 0 0 0 197 245 1288 12230 1 2 2 1 2 0
76 135 109 879 5592 1 1 0 0 2 0 4 10 26 326 0 0 0 0 0 0 140 124 913 6055 1 1 0 0 2 0
77 180 161 1202 10060 1 2 1 1 2 0 9 5 63 1348 0 0 0 0 0 0 223 189 1501 16100 1 5 3 2 3 1
78 201 239 1437 12450 1 3 3 1 2 0 9 18 86 1164 0 0 1 0 0 0 233 317 1703 16230 1 6 7 2 5 0
79 128 180 831 5063 0 0 0 0 1 0 2 10 17 203 0 0 0 0 0 0 142 248 918 6221 1 2 1 0 2 0
80 114 209 738 4015 1 0 0 0 1 0 3 21 20 246 0 0 0 0 0 0 131 321 845 5251 1 1 1 0 2 0
81 133 158 864 5200 1 1 1 0 1 0 2 10 15 129 0 0 0 0 0 0 155 231 966 6149 1 4 4 1 3 1
82 252 249 1715 18780 1 2 3 1 1 0 8 14 73 1200 0 0 0 0 0 0 300 336 2117 25620 1 6 6 2 2 1
83 191 262 1291 11320 1 1 1 1 1 0 5 29 58 671 0 0 0 0 0 0 203 327 1413 12980 1 2 2 1 2 0
84 120 156 769 4433 0 0 0 0 2 0 2 12 14 161 0 0 0 0 0 0 136 249 877 5679 1 2 2 0 3 0
85 184 185 1211 10750 0 1 1 0 2 0 6 14 47 806 0 0 0 0 0 0 229 276 1522 16030 1 2 3 1 3 0
86 144 214 942 6482 0 0 1 0 2 0 4 22 33 388 0 0 0 0 0 0 162 292 1084 8089 1 1 3 1 3 0
87 190 245 1220 10760 0 1 1 0 1 0 5 6 30 576 0 0 0 0 0 0 245 304 1529 16230 1 3 5 1 3 0
88 123 218 797 4661 0 0 0 0 1 0 2 15 22 209 0 0 0 0 0 0 138 305 914 5747 1 2 2 1 2 0
89 146 152 957 6519 1 1 0 0 2 0 5 7 38 427 0 0 0 0 0 0 163 182 1094 8036 1 3 2 1 3 0
90 146 240 945 6627 0 0 0 0 1 0 3 11 22 337 0 0 0 0 0 0 161 291 1029 8037 1 1 0 0 2 0
91 153 227 1002 7282 0 1 1 0 1 0 3 8 20 294 0 0 0 0 0 0 164 258 1075 8309 1 1 2 1 2 0
92 132 147 847 5517 0 0 0 0 1 0 4 11 27 363 0 0 0 0 0 0 163 223 1045 8306 1 1 1 1 2 0
93 134 183 866 5551 1 0 0 0 1 0 2 13 20 252 0 0 0 0 0 0 151 259 975 6994 1 1 1 0 2 0
94 150 198 1003 7056 1 1 1 0 1 0 4 9 37 471 0 0 0 0 0 0 182 242 1235 10250 1 4 5 2 2 0
95 202 230 1324 12640 0 1 1 0 2 0 7 15 45 878 0 0 0 0 0 0 242 315 1561 17500 1 3 4 1 3 0
96 121 178 777 4511 1 0 0 0 1 0 3 15 24 244 0 0 0 0 0 0 128 209 821 4952 1 0 0 0 2 0
97 97 199 621 2945 1 0 0 0 1 0 3 20 21 200 0 0 0 0 0 0 109 262 688 3661 1 0 0 0 1 0
98 116 128 743 4126 0 0 0 0 1 0 2 5 14 157 0 0 0 0 0 0 130 171 829 5125 1 1 1 0 2 0
99 144 197 944 6425 0 1 0 0 1 0 2 18 23 268 0 0 0 0 0 0 163 308 1095 8264 1 3 3 1 2 0
100 136 249 880 5827 0 0 0 0 1 0 4 12 28 431 0 0 0 0 0 0 169 352 1086 9065 1 1 3 1 2 0
101 69 134 437 1435 1 0 0 0 1 0 2 15 15 98 0 0 0 0 0 0 79 195 504 1852 1 1 0 0 2 0
102 121 205 772 4587 0 0 0 0 1 0 1 15 11 146 0 0 0 0 0 0 133 328 845 5478 1 0 1 0 2 0
103 98 194 639 2983 1 0 0 0 1 0 1 12 15 117 0 0 0 0 0 0 107 268 722 3612 1 2 2 0 2 0
104 104 192 674 3361 0 0 0 0 2 0 3 15 23 231 0 0 0 0 0 0 115 233 742 4028 1 1 0 0 2 0
105 131 155 872 5302 1 1 2 0 1 0 3 9 24 346 0 0 0 0 0 0 163 224 1064 8272 1 4 6 1 3 1
106 116 183 751 4125 1 1 0 0 1 0 3 16 21 206 0 0 0 0 0 0 131 292 855 5217 1 2 2 1 2 0
107 123 185 790 4667 0 0 0 0 1 0 1 8 8 92 0 0 0 0 0 0 132 274 855 5441 1 1 1 0 2 0
108 222 196 1528 15090 1 2 4 1 2 0 12 15 100 1700 0 0 1 0 0 0 284 280 2068 23600 1 6 9 2 4 0
109 113 212 724 3965 0 0 0 0 1 0 2 9 15 164 0 0 0 0 0 0 130 291 839 5181 1 2 3 0 2 0
110 97 169 625 2902 1 0 0 0 1 0 4 14 27 228 0 0 0 0 0 0 110 214 716 3670 1 1 1 0 2 0
111 126 207 821 4804 0 1 1 0 1 0 3 18 27 204 0 0 0 0 0 0 133 254 890 5274 1 2 2 1 2 0
112 142 196 978 6299 0 2 3 0 1 0 3 14 33 292 0 0 1 0 0 0 153 237 1070 7090 0 4 6 1 2 1
113 105 201 686 3342 1 1 0 0 1 0 3 18 20 199 0 0 0 0 0 0 111 227 726 3744 1 2 1 0 2 0
114 87 158 558 2309 1 0 0 0 1 0 1 5 13 89 0 0 0 0 0 0 96 196 644 2844 1 2 2 1 2 1
115 119 215 765 4386 0 0 0 0 1 0 3 9 20 247 0 0 0 0 0 0 136 261 875 5830 1 2 1 0 2 0
116 89 157 587 2452 0 1 0 0 1 0 3 9 32 169 0 0 0 0 0 0 94 170 633 2700 1 1 1 0 1 0
117 148 166 986 6825 1 1 1 0 2 0 4 9 29 411 0 0 0 0 0 0 188 273 1271 10950 1 4 4 2 3 1
118 157 229 1057 7826 1 1 2 0 2 0 5 10 35 586 0 0 0 0 0 0 201 305 1303 12720 1 4 7 2 3 1
119 179 200 1142 9820 0 0 0 0 2 0 5 12 33 540 0 0 0 0 0 0 205 278 1292 12610 1 1 2 1 4 0
120 114 108 733 4033 0 0 0 0 1 0 1 4 11 105 0 0 0 0 0 0 128 159 837 5105 1 2 2 0 3 0
121 186 171 1214 10770 1 1 1 0 1 0 7 15 48 904 0 0 0 0 0 0 222 249 1454 15490 1 2 3 1 2 0
122 242 202 1662 17610 1 2 4 2 2 0 15 31 98 2330 0 0 1 0 0 0 260 239 1809 20730 1 4 5 2 3 0
123 145 108 942 6407 1 1 0 0 1 0 2 8 19 241 0 0 0 0 0 0 157 159 1028 7455 1 1 2 1 2 0
124 133 163 861 5535 0 0 0 0 1 0 1 11 12 146 0 0 0 0 0 0 142 227 919 6321 1 2 3 0 2 0
125 138 172 884 5887 0 0 0 0 1 0 2 8 14 179 0 0 0 0 0 0 154 235 1003 7259 1 1 0 0 2 0
126 136 246 877 5726 0 0 0 0 1 0 2 10 17 198 0 0 0 0 0 0 168 356 1132 8487 1 2 3 1 3 0
127 190 189 1234 11380 0 0 0 0 1 0 6 13 52 812 0 0 0 0 0 0 223 257 1482 15380 1 2 3 1 2 0
128 151 163 995 6745 1 1 1 0 2 0 4 10 27 398 0 0 0 0 0 0 161 183 1059 7626 1 2 1 1 2 0
129 197 251 1304 11920 1 1 2 1 2 0 4 11 27 633 0 0 0 0 0 0 226 335 1487 15890 1 3 5 1 3 0
130 121 132 790 4558 1 0 0 0 1 0 2 8 19 152 0 0 0 0 0 0 133 178 913 5452 1 2 0 0 3 0
131 154 194 1017 7489 1 1 1 0 1 0 4 7 30 483 0 0 0 0 0 0 192 260 1249 11560 1 2 3 1 2 0
132 161 215 1062 8098 1 1 1 0 2 0 4 12 28 436 0 0 0 0 0 0 194 316 1297 11750 1 3 2 1 3 0
133 157 139 1020 7617 0 0 0 0 1 0 3 8 19 279 0 0 0 0 0 0 175 192 1143 9228 1 1 1 1 2 0
134 184 219 1202 10750 0 0 1 0 1 0 5 12 37 683 0 0 0 0 0 0 225 313 1456 15900 1 2 3 1 3 0
135 127 224 817 5063 0 0 0 0 1 0 2 13 14 198 0 0 0 0 0 0 144 333 920 6536 1 1 2 0 2 0
136 117 166 747 4236 1 0 0 0 1 0 4 25 32 343 0 0 0 0 0 0 133 254 861 5467 1 1 1 0 1 0
137 114 153 730 3998 0 0 0 0 1 0 1 9 11 126 0 0 0 0 0 0 123 220 799 4620 1 1 1 0 2 0
138 149 175 968 6781 1 1 1 0 1 0 12 14 84 1019 0 0 0 0 0 0 185 214 1214 9714 1 2 3 1 3 0
139 112 133 730 3848 1 1 0 0 1 0 3 13 18 263 0 0 0 0 0 0 119 157 765 4340 1 1 0 0 2 0
140 97 119 612 2885 0 0 0 0 1 0 1 4 12 122 0 0 0 0 0 0 106 141 665 3429 1 0 0 0 3 0
141 161 180 1051 8130 0 1 0 0 1 0 7 13 45 740 0 0 0 0 0 0 199 252 1290 12330 1 2 2 1 2 0
142 114 173 736 3980 1 0 0 0 1 0 2 19 19 213 0 0 0 0 0 0 127 267 826 5030 1 1 0 0 2 0
143 129 159 837 5122 0 0 0 0 1 0 2 7 16 166 0 0 0 0 0 0 144 218 971 6438 1 2 2 1 3 0
144 107 149 682 3553 0 0 0 0 1 0 2 12 18 177 0 0 0 0 0 0 119 207 777 4412 1 1 0 0 2 0
145 119 146 781 4328 1 1 0 0 1 0 3 6 30 250 0 0 0 0 0 0 131 165 862 5096 1 2 0 0 2 1
146 118 165 789 4320 1 1 1 0 2 0 3 14 22 247 0 0 0 0 0 0 137 263 919 5917 1 4 4 1 5 1
147 149 187 978 6895 0 1 0 0 1 0 4 19 32 394 0 0 0 0 0 0 162 254 1071 8097 0 2 2 0 2 0
148 144 151 939 6401 0 1 0 0 1 0 2 7 21 212 0 0 0 0 0 0 158 198 1086 7669 1 2 3 1 2 0
149 137 179 881 5850 0 0 0 0 1 0 2 7 15 214 0 0 0 0 0 0 153 224 971 7259 0 1 1 0 2 0
150 130 207 835 5194 1 0 0 0 2 0 4 13 28 347 0 0 0 0 0 0 141 241 908 6167 1 1 0 0 3 0
151 82 207 532 2039 0 1 1 0 2 0 1 19 12 102 0 0 0 0 0 0 90 297 580 2498 1 4 5 0 3 1
152 97 153 637 3002 1 1 4 0 2 0 8 26 40 498 0 0 3 0 0 0 110 194 710 3805 1 2 8 1 3 1
153 111 130 708 3819 0 0 0 0 1 0 2 7 14 154 0 0 0 0 0 0 119 163 762 4408 1 0 0 0 2 0
154 131 153 853 5389 0 0 0 0 1 0 2 7 18 227 0 0 0 0 0 0 147 205 976 6773 1 2 3 0 3 0
155 122 179 782 4603 0 0 0 0 1 0 2 9 14 165 0 0 0 0 0 0 135 252 866 5642 1 1 1 0 3 0
156 176 207 1174 9637 1 1 1 1 1 0 8 14 55 939 0 0 0 0 0 0 204 251 1329 13020 1 3 3 1 2 0
157 168 194 1084 8802 0 0 0 0 1 0 4 20 34 466 0 0 0 0 0 0 182 280 1203 10320 0 1 1 0 2 0
158 120 127 768 4486 0 0 0 0 1 0 1 7 11 132 0 0 0 0 0 0 131 184 840 5328 1 1 0 0 2 0
159 109 129 686 3668 0 0 0 0 1 0 2 7 18 185 0 0 0 0 0 0 123 182 780 4700 1 0 0 0 2 0
160 117 201 761 4198 1 1 0 0 1 0 5 16 39 383 0 0 0 0 0 0 133 262 889 5439 1 1 1 0 3 0
161 191 159 1263 11570 0 1 1 0 1 0 10 6 69 1193 0 0 0 0 0 0 220 178 1466 14950 1 2 2 1 2 0
162 195 181 1307 12140 1 1 2 1 2 0 7 10 47 970 0 0 0 0 0 0 267 263 1749 22320 1 3 6 2 3 0
163 123 222 798 4645 1 1 0 0 1 0 2 16 19 215 0 0 0 0 0 0 135 286 873 5530 1 2 1 0 2 0
164 232 220 1521 16860 0 1 1 0 1 0 6 8 46 978 0 0 0 0 0 0 280 282 1842 24030 1 3 3 2 3 0
165 149 197 955 6902 0 0 0 0 1 0 1 10 12 166 0 0 0 0 0 0 159 258 1023 7821 1 0 0 0 2 0
166 108 97 687 3576 0 0 0 0 1 0 1 4 11 114 0 0 0 0 0 0 116 120 736 4140 1 1 1 0 2 0
167 167 188 1093 8863 0 0 0 0 1 0 5 13 41 673 0 0 0 0 0 0 200 263 1307 12600 1 2 2 1 2 0
168 174 246 1161 9846 1 1 2 1 1 0 10 14 73 1223 0 0 0 0 0 0 231 323 1553 16600 1 3 4 1 2 0
169 149 169 962 6859 0 0 0 0 1 0 2 12 18 242 0 0 0 0 0 0 161 230 1046 7937 1 1 0 0 2 0
170 123 123 788 4641 1 0 0 0 1 0 2 6 16 174 0 0 0 0 0 0 135 156 869 5491 1 1 1 0 2 0
171 134 196 858 5654 0 0 0 0 1 0 4 11 31 434 0 0 0 0 0 0 179 298 1166 9936 1 1 2 1 2 0
172 154 118 1025 7369 1 1 2 1 1 0 4 6 28 446 0 0 0 0 0 0 187 170 1250 11020 1 3 5 1 3 1
173 110 147 702 3727 1 0 0 0 1 0 2 18 13 190 0 0 0 0 0 0 113 168 720 3965 1 0 0 0 1 0
174 106 151 674 3496 0 0 0 0 1 0 3 19 21 219 0 0 0 0 0 0 115 192 732 4083 1 0 0 0 2 0
175 86 144 544 2272 0 0 0 0 1 0 2 7 14 113 0 0 0 0 0 0 92 170 583 2592 1 0 0 0 2 0
176 99 180 646 3024 0 1 1 0 1 0 4 22 31 274 0 0 1 0 0 0 112 243 730 3902 1 2 3 0 2 1
177 164 201 1093 8329 0 1 1 0 1 0 3 12 24 315 0 0 0 0 0 0 177 284 1235 9812 1 4 5 2 3 0
178 130 222 820 5264 0 0 0 0 1 0 1 11 11 143 0 0 0 0 0 0 140 290 881 6088 0 0 0 0 2 0
179 128 130 812 5088 0 0 0 0 1 0 2 9 17 217 0 0 0 0 0 0 136 161 867 5707 1 0 0 0 1 0
180 272 218 1821 22500 1 1 2 1 1 0 8 14 58 1287 0 0 0 0 0 0 331 328 2208 32160 1 4 5 2 2 0
181 210 265 1427 13110 1 2 2 1 2 0 6 7 44 814 0 0 0 0 0 0 266 334 1765 20890 1 7 6 2 4 1
182 157 203 1012 7666 0 0 0 0 1 0 3 11 24 409 0 0 0 0 0 0 201 328 1293 12690 1 3 2 1 3 0
183 114 149 735 4020 0 0 0 0 1 0 3 11 19 227 0 0 0 0 0 0 123 177 791 4672 1 1 1 0 1 0
184 152 224 989 7106 0 1 0 0 1 0 2 4 13 195 0 0 0 0 0 0 178 280 1138 9731 1 3 3 1 3 0
185 100 151 637 3175 0 0 0 0 1 0 4 12 26 264 0 0 0 0 0 0 118 211 753 4370 1 1 0 0 2 0
186 183 185 1186 10410 0 0 0 0 1 0 2 4 18 289 0 0 0 0 0 0 213 263 1392 14100 1 2 3 1 3 0
187 117 171 746 4203 0 0 0 0 1 0 2 7 17 178 0 0 0 0 0 0 130 213 844 5215 1 1 1 1 2 0
188 118 173 752 4289 1 0 0 0 1 0 1 19 10 144 0 0 0 0 0 0 125 264 795 4895 1 1 0 0 3 0
189 123 159 788 4637 0 0 0 0 1 0 2 8 16 183 0 0 0 0 0 0 133 195 866 5467 1 1 1 0 2 0
190 142 231 943 6099 1 2 1 0 2 0 2 21 21 317 0 1 1 0 0 0 157 371 1064 7624 1 9 8 1 5 1
191 127 214 820 5074 0 0 0 0 1 0 7 17 51 536 0 0 0 0 0 0 137 235 890 5795 0 0 0 0 2 0
192 97 182 607 2881 0 0 0 0 1 0 3 48 22 216 0 0 0 0 0 0 99 208 622 3038 0 0 0 0 1 0
193 123 268 811 4774 1 1 1 0 1 0 4 18 26 344 0 0 0 0 0 0 156 393 1017 7689 1 4 4 1 3 1
194 148 232 1004 6714 1 1 1 0 1 0 2 9 35 252 0 0 0 0 0 0 160 277 1186 7847 1 4 4 1 3 0
195 129 163 825 5164 0 0 0 0 1 0 1 9 14 157 0 0 0 0 0 0 138 220 908 6006 1 1 1 0 3 0
196 137 222 906 5889 1 1 1 0 1 0 6 21 49 497 0 0 0 0 0 0 163 340 1116 8069 1 3 3 1 3 0
197 180 218 1174 10240 0 0 1 0 1 0 6 13 43 763 0 0 0 0 0 0 197 247 1291 12280 0 1 2 0 2 0
198 191 224 1275 11480 0 1 1 0 1 0 4 10 38 542 0 0 0 0 0 0 233 320 1664 16880 1 5 3 1 3 0
199 144 202 944 6427 0 1 1 0 1 0 2 6 14 194 0 0 0 0 0 0 183 301 1179 10440 1 4 4 1 4 1
200 122 195 785 4610 0 0 0 0 1 0 3 13 23 272 0 0 0 0 0 0 144 283 921 6384 1 2 1 1 2 0
201 175 193 1151 9516 0 1 1 0 1 0 3 8 30 407 0 0 0 0 0 0 204 258 1395 12390 1 3 3 1 2 0
202 232 266 1589 16850 1 2 3 1 2 0 5 15 46 831 0 0 0 0 0 0 251 326 1770 19860 1 4 7 2 3 0
203 138 237 915 5978 1 1 1 0 2 0 5 19 39 527 0 0 0 0 0 0 192 418 1285 11530 2 5 4 2 4 1
204 124 186 810 4819 0 1 0 0 1 0 3 10 24 302 0 0 0 0 0 0 149 246 960 6779 1 2 2 1 3 0
205 151 166 987 7166 0 0 0 0 1 0 2 3 19 264 0 0 0 0 0 0 177 202 1177 9895 1 3 3 1 3 0
206 98 172 629 2954 1 0 0 0 1 0 2 13 15 123 0 0 0 0 0 0 104 232 670 3316 1 1 0 0 2 0
207 170 202 1097 9043 0 0 0 0 2 0 5 8 41 684 0 0 0 0 0 0 198 250 1300 12100 1 1 1 1 3 0
208 131 225 870 5294 1 1 0 0 1 0 1 9 14 150 0 0 0 0 0 0 145 291 994 6393 1 4 3 1 4 1
209 152 129 981 7255 0 0 0 0 1 0 2 3 15 200 0 0 0 0 0 0 173 159 1137 9327 1 2 2 1 2 0
210 205 221 1347 12900 0 1 1 0 1 0 8 14 70 1117 0 0 0 0 0 0 232 278 1583 16560 1 2 3 1 2 0
211 118 189 755 4280 0 0 0 0 1 0 2 8 14 171 0 0 0 0 0 0 133 249 852 5463 1 1 1 0 2 0
212 281 184 1885 24990 1 1 3 1 1 0 28 14 219 5256 0 0 0 0 0 0 281 184 1885 24990 1 1 3 1 1 0
213 174 255 1145 9480 1 1 1 0 1 0 5 16 37 585 0 0 1 0 0 0 180 280 1204 10210 1 1 2 1 1 0
214 141 238 928 6107 0 1 1 0 2 0 4 18 35 310 0 0 0 0 0 0 168 348 1150 8113 1 4 3 1 4 1
215 138 169 909 5789 1 1 0 0 2 0 2 11 19 226 0 0 0 0 0 0 157 269 1044 7501 1 4 4 1 3 1
216 118 183 773 4322 0 1 0 0 1 0 2 15 20 214 0 0 0 0 0 0 132 271 862 5312 1 3 2 1 3 0
217 102 174 650 3212 0 0 0 0 1 0 3 19 27 227 0 0 0 0 0 0 114 244 754 4037 0 1 1 0 2 0
218 198 215 1297 12300 0 1 1 0 2 0 9 11 64 1244 0 0 0 0 0 0 257 286 1703 20090 1 3 3 1 3 0
219 195 324 1280 12230 0 1 1 0 1 0 7 13 47 1099 0 0 0 0 0 0 279 454 1802 24770 1 4 3 1 2 0
220 136 131 878 5689 0 0 0 0 1 0 2 4 13 174 0 0 0 0 0 0 153 163 997 7062 1 2 1 0 2 0
221 135 139 885 5613 1 1 0 0 1 0 2 4 20 210 0 0 0 0 0 0 149 171 1011 6866 1 2 2 0 3 0
222 101 175 651 3131 1 0 0 0 1 0 2 12 16 150 0 0 0 0 0 0 111 228 719 3756 1 1 0 0 3 0
223 157 202 1026 7613 1 1 1 0 1 0 3 9 22 321 0 0 0 0 0 0 195 302 1259 10880 1 4 3 1 3 1
224 132 170 845 5464 0 0 0 0 1 0 2 8 20 246 0 0 0 0 0 0 151 236 988 7088 1 1 1 0 2 0
225 143 134 925 6412 0 0 0 0 2 0 5 8 37 482 0 0 0 0 0 0 167 169 1104 8732 1 1 1 1 3 0
226 104 154 666 3296 1 0 0 0 1 0 1 9 12 118 0 0 0 0 0 0 115 198 734 3954 1 1 0 0 2 0
227 150 155 974 6845 0 1 0 0 1 0 2 4 22 198 0 0 0 0 0 0 164 193 1142 8082 1 3 3 1 2 0
228 126 239 813 4964 0 0 0 0 1 0 2 10 14 185 0 0 0 0 0 0 142 313 906 6240 1 3 3 1 2 0
229 128 223 852 5032 1 1 1 0 2 0 3 10 22 251 0 0 0 0 0 0 152 301 1053 7060 1 5 6 1 3 1
230 170 190 1134 8950 1 1 1 1 2 0 2 6 21 319 0 0 0 0 0 0 195 248 1335 11890 1 3 5 2 3 0
231 113 270 717 3957 0 0 0 0 1 0 1 8 10 86 0 0 0 0 0 0 120 337 798 4523 0 1 1 0 2 0
232 112 338 707 3868 0 0 0 0 1 0 2 16 14 154 0 0 0 0 0 0 123 417 784 4709 0 0 0 0 2 0
233 205 278 1344 13190 0 1 1 0 1 0 5 11 37 700 0 0 0 0 0 0 244 373 1627 18720 1 2 4 1 2 0
234 95 159 602 2796 0 0 0 0 1 0 2 8 12 126 0 0 0 0 0 0 105 191 657 3359 1 0 0 0 2 0
235 140 212 897 6034 0 0 0 0 1 0 2 15 16 220 0 0 0 0 0 0 153 302 982 7155 1 1 0 0 2 0
236 232 269 1535 16700 0 1 1 1 1 0 10 9 72 1558 0 0 0 0 0 0 310 345 2060 29440 1 4 5 2 3 0
237 204 214 1325 13060 0 0 0 0 1 0 6 10 51 835 0 0 0 0 0 0 242 261 1617 17500 1 2 3 1 2 0
238 142 278 925 6239 0 1 1 0 1 0 3 23 21 299 0 0 0 0 0 0 157 405 1025 7640 1 2 3 0 1 0
239 174 392 1134 9206 0 1 1 0 1 0 5 8 30 490 0 0 0 0 0 0 225 448 1412 14080 1 3 3 2 2 0
240 136 156 873 5753 0 0 0 0 1 0 3 6 19 271 0 0 0 0 0 0 148 190 941 6834 1 1 1 0 2 0
241 124 150 786 4765 0 0 0 0 1 0 1 6 7 90 0 0 0 0 0 0 132 203 838 5434 1 0 0 0 2 0
242 113 181 739 3894 0 1 1 0 2 0 2 16 23 163 0 0 0 0 0 0 125 279 871 4729 1 4 7 1 3 1
243 137 237 885 5900 0 0 0 0 1 0 4 10 28 399 0 0 0 0 0 0 150 263 980 7060 0 1 1 0 2 0
244 194 235 1291 11550 1 1 2 0 1 0 5 18 40 604 0 0 0 0 0 0 216 305 1449 14170 1 2 3 1 2 0
245 104 198 667 3377 1 0 0 0 1 0 3 26 25 232 0 0 0 0 0 0 114 294 736 4028 1 1 1 0 2 0
246 132 174 841 5416 0 0 0 0 1 0 1 16 8 135 0 0 0 0 0 0 139 278 882 6020 1 1 2 0 2 0
247 128 141 849 5122 0 1 1 0 1 0 2 4 23 163 0 0 0 0 0 0 143 177 1050 6391 1 5 7 1 2 1
248 106 252 680 3470 0 0 0 0 1 0 2 14 14 166 0 0 0 0 0 0 122 351 779 4557 1 1 1 0 3 0
249 115 149 738 4063 1 0 0 0 1 0 2 10 16 186 0 0 0 0 0 0 126 211 808 4918 1 1 1 0 2 0
250 209 235 1389 13640 1 1 2 1 2 0 10 8 63 1379 0 0 0 0 0 0 255 270 1653 20100 1 3 6 2 3 0
251 115 184 732 4074 0 0 0 0 1 0 3 8 26 269 0 0 0 0 0 0 129 224 831 5089 1 1 0 0 2 0
252 197 198 1307 12060 1 1 2 0 1 0 7 7 41 928 0 0 0 0 0 0 252 255 1598 19330 1 5 8 2 2 1
253 173 170 1130 9282 1 1 1 0 1 0 3 8 21 336 0 0 0 0 0 0 198 250 1309 12220 1 2 3 1 3 0
254 194 193 1265 11690 1 1 1 0 1 0 5 6 37 710 0 0 0 0 0 0 257 245 1631 19720 1 3 4 1 3 0
255 139 170 914 6024 1 1 0 0 1 0 4 8 25 357 0 0 0 0 0 0 163 220 1081 8260 1 3 3 1 3 0
256 195 287 1336 12070 0 2 1 1 1 0 8 11 71 1064 0 0 0 0 0 0 250 362 1786 19260 1 5 4 1 2 1
257 153 172 1032 7133 1 2 2 1 2 0 6 10 40 594 0 0 0 0 0 0 177 226 1198 9288 1 4 4 2 3 1
258 156 232 1102 7735 1 3 3 1 2 0 12 24 101 1385 0 0 0 0 0 0 198 316 1437 12260 1 5 6 2 3 1
259 155 335 1037 7449 1 1 1 0 2 0 2 12 19 230 0 0 0 0 0 0 184 495 1263 10350 1 5 5 2 3 1
260 203 270 1329 12880 1 1 1 0 1 0 3 10 25 523 0 0 0 0 0 0 243 391 1623 18440 1 2 3 1 3 0
261 173 230 1110 9331 0 0 0 0 1 0 4 13 25 444 0 0 0 0 0 0 198 314 1282 12180 1 1 1 0 2 0
262 172 221 1144 9478 0 1 0 0 2 0 8 16 61 909 0 0 0 0 0 0 203 272 1379 12950 1 2 2 1 3 0
263 156 193 1000 7586 0 0 0 0 1 0 2 9 15 221 0 0 0 0 0 0 179 316 1159 9886 1 1 2 0 2 0
264 171 220 1116 9283 0 0 0 0 1 0 4 7 28 454 0 0 0 0 0 0 215 293 1405 14360 1 2 3 1 3 0
265 207 311 1357 14190 0 1 1 0 1 0 11 16 77 1997 0 0 0 0 0 0 324 471 2140 34320 1 2 3 1 2 0
266 106 189 692 3464 0 1 0 0 1 0 4 11 34 271 0 0 0 0 0 0 118 229 782 4248 1 2 1 0 2 0
267 135 218 871 5610 0 0 0 0 1 0 3 19 25 267 0 0 0 0 0 0 148 300 976 6615 1 1 1 0 2 0
268 128 162 823 5122 0 0 0 0 2 0 2 12 15 182 0 0 0 0 0 0 139 236 892 5975 1 1 1 0 3 0
269 107 203 695 3449 1 1 0 0 1 0 3 14 22 207 0 0 0 0 0 0 116 252 765 4104 1 2 2 0 2 0
270 142 168 903 6326 0 0 0 0 1 0 1 7 8 107 0 0 0 0 0 0 149 206 944 6846 0 0 0 0 2 0
271 112 130 722 3880 0 0 0 0 1 0 1 5 11 131 0 0 0 0 0 0 123 161 782 4575 1 1 1 0 2 0
272 217 209 1473 14910 0 1 2 1 1 0 11 13 88 1568 0 0 0 0 0 0 281 281 1959 23840 1 4 5 1 2 0
273 97 156 615 2899 0 0 0 0 2 0 2 14 17 163 0 0 0 0 0 0 107 208 680 3552 1 0 0 0 2 0
274 179 244 1152 9989 0 0 0 0 1 0 4 14 27 458 0 0 0 0 0 0 209 346 1351 13200 1 1 2 1 2 0
275 118 173 762 4356 1 0 0 0 2 0 6 22 40 488 0 0 0 0 0 0 124 189 794 4724 1 0 0 0 2 0
276 113 141 717 3966 0 0 0 0 1 0 2 12 15 170 0 0 0 0 0 0 122 189 773 4580 1 0 0 0 2 0
277 188 199 1209 11020 0 0 0 0 1 0 3 8 23 367 0 0 0 0 0 0 199 243 1290 12360 1 1 2 1 2 0
278 135 178 862 5723 0 0 0 0 1 0 2 11 16 222 0 0 0 0 0 0 155 261 989 7391 1 0 1 0 2 0
279 138 151 889 5874 0 0 0 0 2 0 2 9 18 194 0 0 0 0 0 0 149 217 983 6700 1 1 1 0 2 0
280 191 266 1262 11380 1 1 1 0 1 0 6 10 43 696 0 0 0 0 0 0 237 359 1598 17240 1 3 5 1 3 0
281 117 140 742 4273 0 0 0 0 2 0 5 12 37 378 0 0 0 0 0 0 133 182 847 5337 1 0 0 0 3 0
282 194 181 1272 11450 1 1 1 0 1 0 4 9 29 531 0 0 0 0 0 0 237 286 1524 16280 1 3 4 2 3 0
283 162 187 1088 8051 1 1 1 0 1 0 2 9 24 280 0 0 0 0 0 0 185 250 1269 10310 1 4 5 1 2 1
284 128 157 840 5166 0 0 1 0 1 0 2 13 23 232 0 0 0 0 0 0 139 196 921 5956 0 2 3 1 1 0
285 125 184 798 4890 0 0 0 0 1 0 2 13 17 224 0 0 0 0 0 0 135 230 855 5641 1 0 0 0 2 0
286 119 207 778 4410 0 1 0 0 1 0 2 13 31 219 0 0 0 0 0 0 132 272 922 5461 1 2 2 1 2 0
287 128 131 818 5159 0 0 0 0 1 0 1 4 11 126 0 0 0 0 0 0 136 155 874 5770 0 1 1 0 2 0
288 112 199 737 3941 0 1 0 0 2 0 4 19 28 346 0 0 0 0 0 0 118 223 782 4376 1 1 1 0 2 0
289 113 188 721 3960 0 0 0 0 2 0 2 19 19 174 0 0 0 0 0 0 123 261 792 4593 1 0 0 0 3 0
290 144 197 960 6510 0 1 1 0 1 0 8 17 43 771 0 1 0 0 0 0 157 221 1017 7673 0 2 2 1 2 0
291 149 191 970 6873 0 0 0 0 1 0 2 9 21 248 0 0 0 0 0 0 162 261 1091 8098 1 3 1 1 2 0
292 129 160 831 5137 1 0 0 0 1 0 2 7 12 176 0 0 0 0 0 0 137 199 888 5854 1 2 2 1 3 0
293 118 174 755 4327 0 0 0 0 1 0 2 12 12 138 0 0 0 0 0 0 130 257 843 5178 1 1 1 0 3 0
294 127 137 817 4921 0 0 0 0 1 0 1 6 13 133 0 0 0 0 0 0 135 174 885 5537 1 1 0 0 2 0
295 137 132 880 5827 0 0 0 0 1 0 2 6 14 177 0 0 0 0 0 0 146 169 941 6611 1 1 0 0 2 0
296 109 123 691 3637 0 0 0 0 1 0 1 10 12 110 0 0 0 0 0 0 113 148 724 3922 0 0 0 0 2 0
297 117 181 750 4311 0 0 0 0 1 0 6 21 41 491 0 0 0 0 0 0 133 233 851 5536 1 0 0 0 1 0
298 142 181 912 6331 0 0 0 0 1 0 2 6 16 205 0 0 0 0 0 0 162 252 1058 8197 0 2 1 0 2 0
299 105 230 668 3342 1 0 0 0 1 0 2 11 22 205 0 0 0 0 0 0 109 242 701 3627 1 0 0 0 2 0
300 195 189 1295 12170 1 1 2 1 1 0 11 11 72 1330 0 0 0 0 0 0 259 262 1711 20530 1 4 6 1 2 0
301 124 198 804 4713 0 1 0 0 1 0 3 10 25 283 0 0 0 0 0 0 134 230 881 5513 1 2 1 0 2 0
302 200 238 1347 12470 1 1 2 1 2 0 10 17 78 1308 0 0 0 0 0 0 236 294 1588 16960 1 3 4 1 3 0
303 104 186 668 3343 1 0 0 0 1 0 1 15 10 100 0 0 0 0 0 0 110 245 707 3754 1 1 0 0 2 0
304 114 181 735 4031 0 0 0 0 1 0 3 10 24 229 0 0 0 0 0 0 126 216 826 4898 1 1 1 0 2 0
305 116 244 742 4172 0 0 0 0 1 0 2 17 19 182 0 0 0 0 0 0 124 316 813 4765 0 1 0 0 3 0
306 132 158 840 5373 0 0 0 0 1 0 1 5 12 155 0 0 0 0 0 0 144 204 920 6369 1 1 0 0 2 0
307 90 144 563 2463 0 0 0 0 1 0 1 13 11 97 0 0 0 0 0 0 96 200 609 2855 0 0 0 0 2 0
308 135 127 856 5662 0 0 0 0 1 0 2 6 15 203 0 0 0 0 0 0 149 169 954 6987 0 0 0 0 2 0
309 130 138 827 5306 0 0 0 0 1 0 3 8 25 330 0 0 0 0 0 0 147 174 939 6724 1 0 0 0 2 0
310 117 191 743 4187 0 0 0 0 1 0 1 14 11 112 0 0 0 0 0 0 126 265 809 4831 1 1 0 0 3 0
311 146 156 926 6649 0 0 0 0 1 0 3 9 19 289 0 0 0 0 0 0 164 217 1037 8408 1 0 0 0 2 0
312 127 133 822 5041 0 0 0 0 1 0 3 6 23 251 0 0 0 0 0 0 141 164 920 6188 1 2 1 0 2 0
313 115 107 737 4091 0 0 0 0 1 0 1 3 11 94 0 0 0 0 0 0 123 128 812 4678 1 1 0 0 3 0
314 85 186 540 2212 1 0 0 0 2 0 3 27 22 178 0 0 0 0 0 0 89 224 566 2401 1 0 0 0 3 0
315 124 168 791 4816 0 0 0 0 1 0 1 7 10 126 0 0 0 0 0 0 133 197 844 5442 1 0 0 0 1 0
316 121 140 772 4614 0 0 0 0 1 0 2 5 14 158 0 0 0 0 0 0 128 164 816 5131 1 0 0 0 2 0
317 182 188 1187 10270 0 1 1 0 1 0 4 5 25 489 0 0 0 0 0 0 218 250 1409 14850 1 2 3 1 2 0
318 90 189 600 2445 0 1 1 0 2 0 4 19 37 242 0 0 1 0 0 0 100 234 686 2971 1 3 4 1 3 1
319 124 170 786 4773 0 0 0 0 1 0 3 22 24 311 0 0 0 0 0 0 129 202 817 5159 0 0 0 0 1 0
320 102 161 665 3242 1 1 0 0 1 0 3 14 15 226 0 0 0 0 0 0 112 206 715 3904 1 2 1 0 2 0
321 201 196 1311 12740 0 0 1 0 1 0 5 6 38 748 0 0 0 0 0 0 230 230 1502 16570 1 1 2 1 3 0
322 128 133 828 5048 1 0 0 0 1 0 2 10 16 165 0 0 0 0 0 0 140 210 928 5995 1 2 1 1 2 0
323 203 215 1359 12640 1 1 2 1 2 0 5 10 40 690 0 0 0 0 0 0 253 318 1711 19380 1 4 5 2 5 1
324 122 152 780 4579 0 0 0 0 1 0 2 8 19 190 0 0 0 0 0 0 137 213 911 5831 1 1 1 0 2 0
325 126 173 812 4899 1 0 0 0 1 0 2 9 15 176 0 0 0 0 0 0 137 211 887 5744 1 1 1 0 2 0
326 141 128 900 6165 0 0 0 0 1 0 2 10 15 239 0 0 0 0 0 0 155 180 984 7499 1 1 0 0 2 0
327 120 179 760 4460 0 0 0 0 1 0 2 9 14 169 0 0 0 0 0 0 130 222 827 5234 1 0 0 0 2 0
328 162 207 1069 8137 1 1 1 0 1 0 4 12 32 444 0 0 0 0 0 0 192 303 1298 11210 1 2 3 1 3 0
329 162 218 1075 8268 1 1 1 0 1 0 5 14 29 577 0 0 0 0 0 0 177 252 1137 9752 1 2 3 1 2 0
330 160 155 1058 7932 0 1 1 0 1 0 3 7 26 332 0 0 0 0 0 0 187 219 1243 10700 1 4 4 1 3 0
331 129 193 845 5140 0 1 0 0 1 0 2 5 24 206 0 0 0 0 0 0 144 219 992 6343 1 3 3 0 3 0
332 112 198 719 3873 1 0 0 0 1 0 2 19 19 196 0 0 0 0 0 0 119 257 769 4361 1 0 0 0 3 0
333 112 147 713 3900 0 0 0 0 1 0 2 9 15 150 0 0 0 0 0 0 127 220 820 4927 1 0 0 0 2 0
334 123 190 778 4644 0 0 0 0 1 0 1 15 11 132 0 0 0 0 0 0 133 284 845 5443 1 0 0 0 2 0
335 170 210 1118 9186 1 1 1 0 1 0 8 21 60 871 0 0 0 0 0 0 209 331 1432 13620 1 2 3 1 2 0
336 129 142 840 5143 0 0 0 0 1 0 1 6 9 144 0 0 0 0 0 0 137 169 873 5760 1 1 1 0 2 1
337 187 214 1229 10920 0 1 1 0 1 0 6 15 43 882 0 0 0 0 0 0 245 343 1611 18730 1 4 4 2 3 0
338 100 175 644 3108 1 0 0 0 1 0 2 20 17 168 0 0 0 0 0 0 111 268 719 3840 1 1 1 0 2 0
339 235 242 1551 17470 1 1 2 1 1 0 10 9 64 1641 0 0 0 0 0 0 306 307 2024 29060 1 2 4 2 2 0
340 144 165 941 6412 0 1 0 0 1 0 3 7 26 321 0 0 0 0 0 0 166 215 1114 8621 1 3 3 1 3 0
341 96 168 616 2805 0 0 0 0 2 0 1 9 14 120 0 0 0 0 0 0 107 230 712 3536 1 3 4 0 2 0
342 110 149 714 3739 1 0 0 0 1 0 1 8 13 108 0 0 0 0 0 0 119 199 797 4400 1 2 2 1 3 0
343 196 216 1299 11940 0 1 1 1 2 0 6 22 51 676 0 0 0 0 0 0 227 346 1576 15400 1 3 4 2 4 0
344 117 154 750 4203 1 0 0 0 2 0 3 7 23 245 0 0 0 0 0 0 130 181 841 5164 1 1 1 0 2 0
345 102 147 662 3216 0 0 0 0 1 0 3 25 23 193 0 0 0 0 0 0 108 194 708 3571 1 1 0 0 2 0
346 120 189 766 4453 0 0 0 0 1 0 2 11 15 180 0 0 0 0 0 0 136 270 865 5626 1 1 0 0 2 0
347 147 147 948 6687 0 0 0 0 1 0 3 3 25 290 0 0 0 0 0 0 172 179 1142 8808 1 2 2 1 3 0
348 114 160 730 4027 0 0 0 0 1 0 1 7 10 122 0 0 0 0 0 0 125 207 796 4758 1 1 0 0 2 0
349 119 149 772 4267 1 1 0 0 2 0 3 10 24 266 0 0 0 0 0 0 128 177 830 4962 1 1 0 0 3 0
350 116 170 737 4210 0 0 0 0 1 0 3 6 22 260 0 0 0 0 0 0 132 197 836 5425 0 0 0 0 2 0
351 157 192 1071 7586 1 2 2 1 2 0 5 13 34 512 0 0 0 0 0 0 173 241 1194 9153 1 5 6 2 4 1
352 257 174 1742 20100 1 2 3 1 1 0 9 8 72 1531 0 0 0 0 0 0 331 235 2293 32340 1 5 6 2 3 0
353 150 257 980 7166 1 0 1 0 1 0 6 15 41 633 0 0 0 0 0 0 185 332 1212 10500 1 2 4 1 2 0
354 111 140 712 3846 0 0 0 0 1 0 4 8 33 288 0 0 0 0 0 0 121 158 796 4535 0 1 1 0 2 0
355 125 190 819 4858 0 1 1 0 1 0 3 14 32 274 0 0 0 0 0 0 133 224 890 5474 1 2 2 0 2 0
356 130 185 850 5120 1 1 0 0 2 0 3 15 25 215 0 0 0 0 0 0 141 248 942 5912 1 2 2 1 3 0
357 138 162 885 5937 0 0 0 0 1 0 2 13 17 207 0 0 0 0 0 0 151 255 967 6944 1 1 0 0 2 0
358 88 154 567 2410 0 0 0 0 1 0 5 12 42 301 0 0 0 0 0 0 99 177 652 3020 1 1 0 0 2 0
359 94 183 598 2786 1 0 0 0 1 0 5 12 32 304 0 0 0 0 0 0 120 250 757 4396 1 1 1 0 2 0
360 125 180 794 4919 0 0 0 0 1 0 3 9 23 283 0 0 0 0 0 0 137 209 868 5857 0 0 0 0 2 0
361 133 215 852 5461 0 0 0 0 1 0 2 15 20 209 0 0 0 0 0 0 142 292 929 6212 1 1 1 0 2 0
362 127 188 818 4966 0 0 0 0 1 0 2 12 15 172 0 0 0 0 0 0 137 259 878 5797 1 1 1 0 2 0
363 165 182 1066 8381 0 0 0 0 1 0 3 14 23 335 0 0 0 0 0 0 181 254 1172 10090 1 1 1 0 2 0
364 134 169 854 5524 0 0 0 0 1 0 1 6 10 132 0 0 0 0 0 0 147 217 937 6635 1 1 1 0 2 0
365 204 217 1338 12930 0 1 0 0 1 0 5 9 42 724 0 0 0 0 0 0 243 263 1612 17800 1 2 2 1 2 0
366 202 268 1337 12340 0 1 1 1 1 0 9 18 71 1036 0 0 0 0 0 0 241 338 1600 16710 1 3 3 2 3 0
367 122 180 783 4584 0 0 0 0 1 0 2 7 18 185 0 0 0 0 0 0 142 240 938 6246 1 2 2 0 3 0
368 217 172 1409 15460 0 0 1 0 1 0 12 10 77 2241 0 0 0 0 0 0 307 264 1995 31430 1 1 2 1 2 0
369 220 219 1472 14820 1 1 2 1 1 0 10 6 75 1302 0 0 0 0 0 0 276 258 1950 22270 1 3 4 2 2 0
370 163 232 1090 8404 0 1 1 0 2 0 4 10 29 455 0 0 0 0 0 0 193 310 1293 11650 1 4 7 2 4 0
371 151 132 976 7118 0 0 0 0 1 0 1 4 13 177 0 0 0 0 0 0 162 157 1045 8191 1 1 1 0 2 0
372 213 151 1413 13860 1 1 1 1 1 0 3 13 24 390 0 0 0 0 0 0 226 218 1521 15350 1 2 4 1 2 0
373 206 173 1348 13350 0 1 1 0 1 0 6 6 41 770 0 0 0 0 0 0 253 231 1668 19460 1 3 4 2 2 0
374 136 160 878 5791 0 0 0 0 1 0 1 5 13 140 0 0 0 0 0 0 148 202 991 6706 1 2 1 0 3 0
375 161 160 1063 7885 0 1 0 0 1 0 1 4 13 149 0 0 0 0 0 0 169 191 1131 8615 1 2 2 1 3 0
376 105 202 701 3383 0 1 2 0 2 0 1 12 23 72 0 0 1 0 0 0 108 228 765 3519 1 3 6 1 2 1
377 134 282 858 5621 0 0 0 0 1 0 1 11 14 149 0 0 0 0 0 0 146 356 971 6806 1 1 0 0 2 0
378 136 151 882 5806 0 0 0 0 1 0 1 5 11 113 0 0 0 0 0 0 145 196 979 6570 1 3 2 1 3 0
379 110 188 733 3616 1 2 1 0 2 0 2 10 17 139 0 0 0 0 0 0 132 328 917 5081 2 9 8 2 4 1
380 112 129 731 3863 1 1 0 0 2 0 2 9 18 160 0 0 0 0 0 0 128 205 849 4761 1 2 2 1 3 0
381 110 149 706 3727 0 0 0 0 2 0 1 10 12 116 0 0 0 0 0 0 120 208 797 4471 1 1 1 0 3 0
382 120 227 787 4478 0 1 0 0 1 0 1 14 17 95 0 0 0 0 0 0 125 287 873 4884 0 3 2 1 2 0
383 123 174 806 4629 1 1 0 0 1 0 2 8 21 192 0 0 0 0 0 0 141 231 952 6005 1 3 3 0 2 1
384 132 137 857 5418 0 0 0 0 1 0 1 5 15 152 0 0 0 0 0 0 142 173 965 6237 1 2 2 0 2 0
385 146 232 939 6647 0 0 0 0 1 0 4 16 29 330 0 0 0 0 0 0 157 317 1022 7582 1 1 2 1 2 0
386 122 140 787 4620 0 0 0 0 1 0 2 8 20 199 0 0 0 0 0 0 131 192 876 5299 1 2 3 0 2 0
387 138 161 883 5966 0 0 0 0 1 0 2 6 17 231 0 0 0 0 0 0 155 199 996 7453 0 1 1 0 2 0
388 112 155 733 3920 0 1 1 0 1 0 3 10 25 229 0 0 0 0 0 0 120 189 797 4500 1 2 3 0 2 1
389 195 232 1289 11740 1 1 1 1 1 0 6 28 53 701 0 0 0 0 0 0 208 304 1420 13130 1 2 3 1 2 0
390 102 122 657 3216 1 0 0 0 1 0 1 5 13 118 0 0 0 0 0 0 113 156 732 3945 1 1 0 0 2 0
391 87 168 552 2343 1 0 0 0 1 0 5 20 31 288 0 0 0 0 0 0 101 228 640 3170 1 1 0 0 2 0
392 154 199 1024 7447 1 1 1 0 1 0 6 13 46 669 0 0 0 0 0 0 212 294 1421 13590 1 3 5 2 3 1
393 216 222 1444 14070 1 2 2 1 2 0 6 9 41 809 0 0 0 0 0 0 262 287 1720 20810 1 5 7 2 3 1
394 121 177 780 4462 1 0 0 0 1 0 2 16 18 222 0 0 0 0 0 0 135 258 883 5595 1 1 1 0 3 0
395 140 171 897 6091 0 0 0 0 1 0 1 16 12 126 0 0 0 0 0 0 149 253 964 6845 1 1 0 0 2 0
396 135 188 881 5581 1 1 0 0 1 0 2 13 15 192 0 0 0 0 0 0 148 272 973 6752 1 2 3 1 2 0
397 128 174 830 5083 0 0 0 0 1 0 3 12 26 305 0 0 0 0 0 0 137 210 907 5910 0 1 1 0 1 0
398 110 148 703 3782 0 0 0 0 1 0 1 6 12 129 0 0 0 0 0 0 126 203 807 4967 1 1 2 0 2 0
399 118 172 752 4319 0 0 0 0 1 0 3 11 22 250 0 0 0 0 0 0 134 244 860 5620 1 1 1 0 2 0
400 179 210 1244 9940 1 2 3 1 2 0 4 7 31 415 0 0 0 0 0 0 208 277 1496 13040 1 5 9 1 3 1
401 119 109 761 4427 0 0 0 0 1 0 2 10 16 189 0 0 0 0 0 0 138 201 876 5895 1 1 1 0 2 0
402 129 182 841 5252 0 0 0 0 1 0 2 12 23 202 0 0 0 0 0 0 141 246 963 6219 0 2 1 0 3 0
403 129 161 831 5076 0 0 0 0 1 0 1 9 9 113 0 0 0 0 0 0 138 230 896 5809 1 1 1 0 3 0
404 123 149 782 4691 0 0 0 0 1 0 3 9 26 301 0 0 0 0 0 0 131 168 841 5331 1 0 0 0 2 0
405 109 185 703 3700 1 0 0 0 1 0 3 17 30 257 0 0 0 0 0 0 124 255 827 4724 1 1 1 0 2 0
406 161 148 1043 8000 0 0 0 0 1 0 2 6 17 218 0 0 0 0 0 0 177 195 1159 9479 1 1 2 1 2 0
407 128 213 826 5145 0 0 0 0 1 0 4 17 25 412 0 0 0 0 0 0 144 270 916 6458 0 1 1 0 2 0
408 179 206 1178 9917 1 1 1 0 1 0 4 8 30 498 0 0 0 0 0 0 210 254 1381 13490 1 3 3 1 3 0
409 122 179 784 4661 0 0 0 0 1 0 3 17 20 257 0 0 0 0 0 0 141 288 890 6102 1 1 1 0 3 0
410 113 175 724 3998 0 0 0 0 1 0 1 15 13 136 0 0 0 0 0 0 130 363 850 5213 1 1 1 0 2 0
411 110 168 709 3732 1 0 0 0 1 0 1 13 13 135 0 0 0 0 0 0 124 264 799 4714 1 1 1 0 2 0
412 93 216 597 2688 0 0 0 0 1 0 1 11 11 68 0 0 0 0 0 0 99 279 666 3010 1 1 1 0 2 0
413 149 221 975 6937 0 1 0 0 1 0 3 13 23 285 0 0 0 0 0 0 167 315 1102 8671 1 3 3 1 3 0
414 151 298 967 7195 0 0 0 0 1 0 4 16 30 453 0 0 0 0 0 0 172 369 1101 9314 1 0 1 0 3 0
415 118 211 763 4338 0 0 0 0 2 0 2 12 19 195 0 0 0 0 0 0 130 272 850 5229 1 2 1 0 3 0
416 94 217 596 2712 1 0 0 0 2 0 4 28 27 251 0 0 0 0 0 0 108 312 687 3594 1 1 0 0 2 0
417 155 210 1029 8031 1 1 1 0 2 0 13 12 94 1765 0 0 0 0 0 0 231 276 1571 17480 1 4 4 2 3 1
418 127 121 808 4950 0 0 0 0 1 0 2 6 15 173 0 0 0 0 0 0 136 169 881 5669 1 1 0 0 2 0
419 111 214 709 3803 1 0 0 0 1 0 2 16 19 189 0 0 0 0 0 0 123 289 792 4580 1 1 0 0 2 0
420 115 190 742 4097 0 0 0 0 2 0 2 14 22 203 0 0 0 0 0 0 130 269 864 5205 1 1 2 0 3 0
421 146 139 982 6561 1 1 1 0 2 0 5 15 47 494 0 0 0 0 0 0 164 183 1141 8092 1 3 3 1 2 0
422 116 160 754 4082 1 1 0 0 1 0 2 7 16 158 0 0 0 0 0 0 126 196 819 4757 1 2 2 1 2 0
423 136 191 894 5753 0 1 0 0 1 0 2 8 18 193 0 0 0 0 0 0 151 255 1014 7088 1 3 3 1 2 0
424 97 191 619 2897 1 0 0 0 2 0 6 17 46 435 0 0 0 0 0 0 112 231 717 3809 1 1 0 0 3 0
425 100 212 631 3073 0 0 0 0 1 0 1 13 11 116 0 0 0 0 0 0 111 289 699 3763 1 0 0 0 2 0
426 104 149 674 3336 0 1 0 0 1 0 3 11 25 207 0 0 0 0 0 0 121 215 814 4404 1 2 2 0 3 0
427 108 219 687 3599 0 0 0 0 2 0 3 16 22 202 0 0 0 0 0 0 127 320 836 4895 1 1 1 0 2 0
428 111 166 704 3811 0 0 0 0 1 0 1 9 9 97 0 0 0 0 0 0 116 202 743 4211 1 0 0 0 2 0
429 127 176 809 5013 0 0 0 0 1 0 2 8 21 232 0 0 0 0 0 0 138 209 888 5868 1 0 0 0 2 0
430 149 225 1021 6850 0 2 2 0 2 0 2 8 34 241 0 0 0 0 0 0 163 275 1254 8327 1 7 9 2 2 1
431 124 176 814 4678 1 1 0 0 1 0 1 14 22 154 0 0 0 0 0 0 128 229 896 5158 1 2 2 0 2 0
432 201 195 1338 12500 1 1 2 1 1 0 4 10 30 524 0 0 0 0 0 0 220 250 1460 14790 1 2 5 2 3 0
433 188 219 1237 11100 1 1 1 0 1 0 8 19 44 1039 0 0 0 0 0 0 226 309 1453 16030 1 3 3 1 3 0
434 148 169 948 6737 0 0 0 0 1 0 3 6 16 239 0 0 0 0 0 0 163 205 1023 7775 1 1 1 0 2 0
435 139 196 911 5995 1 1 1 0 1 0 2 9 16 188 0 0 0 0 0 0 170 308 1139 8693 1 3 4 1 3 1
436 128 195 826 5092 0 0 0 0 1 0 3 7 25 265 0 0 0 0 0 0 144 243 951 6269 1 1 0 0 3 0
437 140 159 897 6112 0 0 0 0 1 0 3 10 26 327 0 0 0 0 0 0 156 215 1012 7500 1 1 1 0 2 0
438 138 196 886 5926 0 0 0 0 1 0 3 16 23 296 0 0 0 0 0 0 156 280 1009 7491 1 1 0 0 2 0
439 140 156 895 6065 0 0 0 0 1 0 2 6 16 192 0 0 0 0 0 0 149 193 965 6889 1 1 0 0 2 0
440 109 172 717 3715 0 1 0 0 1 0 2 13 28 181 0 0 0 0 0 0 123 268 901 4764 1 4 4 1 2 0
441 172 254 1124 9288 0 1 1 0 1 0 5 16 32 583 0 0 0 0 0 0 203 354 1328 12840 1 4 5 1 2 0
442 137 157 883 5859 0 0 0 0 1 0 3 4 22 293 0 0 0 0 0 0 152 175 979 7066 1 1 0 0 1 0
443 105 183 668 3409 0 0 0 0 2 0 1 25 12 131 0 0 0 0 0 0 109 233 693 3663 0 0 0 0 2 0
444 180 168 1175 9900 0 1 1 0 1 0 2 5 19 357 0 0 0 0 0 0 203 220 1333 12920 1 2 4 1 2 0
445 119 248 776 4413 1 0 0 0 1 0 2 12 18 193 0 0 0 0 0 0 129 303 844 5139 1 1 1 1 2 0
446 177 280 1173 9816 1 1 1 0 1 0 3 10 28 439 0 0 0 0 0 0 215 385 1454 14370 1 3 6 1 2 0
447 148 176 958 6748 0 0 0 0 1 0 2 6 14 197 0 0 0 0 0 0 164 227 1059 8295 1 1 2 0 3 0
448 145 193 942 6597 0 0 0 0 1 0 2 13 19 230 0 0 0 0 0 0 163 283 1081 8305 1 2 3 0 2 0
449 211 205 1381 13840 0 1 1 1 1 0 6 13 45 818 0 0 0 0 0 0 256 320 1682 20220 1 3 4 2 2 0
450 118 215 768 4320 0 1 0 0 1 0 2 15 19 202 0 0 0 0 0 0 127 281 835 5072 0 3 3 0 2 0
451 195 250 1277 11910 1 0 1 0 1 0 4 13 29 561 0 0 0 0 0 0 214 309 1398 14210 1 1 3 1 2 0
452 120 282 767 4425 0 0 0 0 1 0 1 17 15 138 0 0 0 0 0 0 130 378 850 5237 1 1 1 0 2 0
453 145 139 938 6442 1 0 0 0 1 0 3 7 21 257 0 0 0 0 0 0 158 169 1031 7499 1 1 1 1 2 0
454 126 171 806 4929 0 0 0 0 1 0 1 6 11 133 0 0 0 0 0 0 143 221 916 6335 1 1 1 0 3 0
455 133 307 863 5572 0 0 0 0 1 0 3 19 22 289 0 0 0 0 0 0 150 416 966 7056 1 1 0 0 2 0
456 116 292 748 4151 0 0 0 0 1 0 3 24 21 231 0 0 0 0 0 0 131 388 860 5278 1 2 2 0 2 0
457 132 252 841 5379 0 0 0 0 1 0 2 13 13 175 0 0 0 0 0 0 143 342 912 6329 1 1 1 0 2 0
458 130 251 826 5202 0 0 0 0 1 0 2 12 16 211 0 0 0 0 0 0 143 318 910 6285 1 1 0 0 2 0
459 97 282 616 2909 0 0 0 0 1 0 1 16 12 112 0 0 0 0 0 0 106 369 680 3499 1 1 0 0 2 0
460 170 271 1112 9309 0 1 1 0 1 0 9 11 60 1152 0 0 0 0 0 0 229 344 1521 16480 1 2 2 1 3 0
461 274 262 1869 25010 1 1 3 1 2 0 25 13 186 5422 0 0 0 0 0 0 360 313 2512 42540 1 4 6 2 2 0
462 144 269 922 6461 0 0 0 0 1 0 2 9 17 205 0 0 0 0 0 0 154 319 1004 7346 1 1 1 0 2 0
463 116 183 738 4127 0 0 0 0 1 0 1 7 13 128 0 0 0 0 0 0 127 240 826 4951 1 1 1 0 3 0
464 131 182 842 5373 0 0 0 0 1 0 2 6 12 168 0 0 0 0 0 0 149 238 951 6876 1 1 1 1 2 0
465 132 201 868 5429 0 1 1 0 1 0 2 8 33 238 0 0 0 0 0 0 154 255 1150 7335 1 5 6 1 2 1
466 131 207 859 5369 0 1 1 0 1 0 3 7 23 274 0 0 0 0 0 0 148 254 1009 6891 1 3 4 1 2 0
467 96 181 610 2863 0 0 0 0 1 0 3 13 22 209 0 0 0 0 0 0 111 246 711 3802 1 1 0 0 3 0
468 176 233 1190 9805 0 2 2 1 1 0 9 14 58 1049 0 0 0 0 0 0 215 288 1436 14370 1 4 5 1 2 1
469 116 181 763 4088 1 1 1 0 1 0 4 17 30 278 0 0 0 0 0 0 133 254 881 5281 1 2 3 1 2 0
470 96 184 614 2891 0 0 0 0 2 0 3 13 25 227 0 0 0 0 0 0 111 256 708 3852 1 1 1 0 3 0
471 120 281 768 4499 0 0 0 0 1 0 6 26 40 449 0 0 0 0 0 0 136 333 872 5676 1 0 0 0 2 0
472 149 149 964 6869 0 0 0 0 1 0 2 4 18 233 0 0 0 0 0 0 171 182 1120 9066 1 2 3 1 2 0
473 122 299 774 4654 0 0 0 0 1 0 4 36 28 351 0 0 0 0 0 0 134 380 850 5589 0 0 0 0 2 0
474 108 156 704 3589 1 1 0 0 1 0 1 5 13 95 0 0 0 0 0 0 119 193 807 4331 1 3 3 0 2 1
475 128 157 828 5069 0 0 0 0 1 0 1 4 11 116 0 0 0 0 0 0 140 193 932 6058 1 2 3 0 3 0
476 142 205 924 6184 0 1 0 0 1 0 3 10 27 310 0 0 0 0 0 0 164 272 1121 8285 1 3 2 1 2 0
477 139 166 889 5994 0 0 0 0 1 0 1 5 13 140 0 0 0 0 0 0 151 218 1012 7189 0 2 1 0 2 0
478 114 145 739 4049 1 0 0 0 1 0 2 11 15 143 0 0 0 0 0 0 124 219 820 4676 1 2 2 0 2 0
479 162 195 1098 8158 1 1 2 0 2 0 3 9 30 331 0 0 0 0 0 0 173 230 1221 9397 1 4 5 1 3 0
480 121 180 782 4553 0 0 0 0 1 0 2 11 16 162 0 0 0 0 0 0 133 278 888 5474 1 2 1 0 2 0
481 139 192 887 6029 0 0 0 0 1 0 3 9 20 284 0 0 0 0 0 0 164 264 1044 8305 1 1 1 0 2 0
482 134 140 873 5463 1 1 0 0 1 0 1 5 11 128 0 0 0 0 0 0 148 183 949 6602 1 2 1 1 3 0
483 137 176 877 5711 0 0 0 0 1 0 2 9 15 206 0 0 0 0 0 0 149 235 957 6865 1 1 1 0 2 0
484 157 112 1028 7472 1 1 1 0 1 0 1 3 11 138 0 0 0 0 0 0 170 142 1125 8543 1 2 4 1 2 0
485 124 164 828 4767 0 1 1 0 2 0 3 12 50 301 0 0 1 0 0 0 137 210 978 5806 1 4 4 1 3 1
486 146 168 942 6660 0 0 0 0 1 0 2 10 14 199 0 0 0 0 0 0 164 254 1060 8310 1 2 2 0 2 0
487 194 188 1281 11670 1 1 2 1 1 0 5 14 36 677 0 0 0 0 0 0 239 303 1539 17400 1 3 5 2 3 0
488 116 161 754 4205 1 0 0 0 1 0 3 11 25 275 0 0 0 0 0 0 133 215 865 5498 1 1 1 0 2 0
489 166 202 1071 8576 0 0 0 0 1 0 2 5 17 229 0 0 0 0 0 0 191 265 1273 10840 1 2 2 0 4 0
490 122 224 781 4665 0 0 0 0 1 0 2 11 15 180 0 0 0 0 0 0 141 319 927 6229 1 1 1 0 3 0
491 178 132 1146 9921 0 0 0 0 1 0 4 10 31 509 0 0 0 0 0 0 198 184 1271 12100 0 0 1 0 1 0
492 180 205 1184 10070 1 1 1 0 2 0 7 12 53 897 0 0 0 0 0 0 215 260 1434 14260 1 2 2 1 3 0
493 124 128 788 4773 0 0 0 0 1 0 3 14 21 246 0 0 0 0 0 0 131 163 832 5340 0 0 0 0 2 0
494 131 205 840 5387 0 0 0 0 1 0 3 14 23 260 0 0 0 0 0 0 145 284 952 6483 1 1 0 0 2 0
495 148 202 961 6809 0 0 0 0 1 0 2 16 15 218 0 0 0 0 0 0 160 284 1039 7836 1 1 1 1 2 0
496 126 181 826 4856 1 1 0 0 1 0 2 6 16 184 0 0 0 0 0 0 143 221 952 6337 1 3 3 1 3 1
497 124 173 804 4801 0 0 0 0 1 0 1 7 12 119 0 0 0 0 0 0 140 243 928 6073 1 2 2 1 3 0
498 184 175 1213 10680 1 1 1 0 1 0 7 10 48 957 0 0 0 0 0 0 227 228 1464 16000 1 3 3 1 2 0
499 205 212 1378 13200 1 1 2 1 1 0 5 12 42 750 0 0 0 0 0 0 238 307 1632 17600 1 3 5 2 2 0
500 150 167 987 6894 0 1 0 0 1 0 3 8 23 348 0 0 0 0 0 0 167 204 1097 8569 1 2 1 1 2 0
501 138 244 923 5959 1 1 1 0 2 0 4 15 29 390 0 0 0 0 0 0 160 329 1060 7880 1 3 3 1 3 1
502 125 163 812 4763 1 1 0 0 1 0 2 10 15 184 0 0 0 0 0 0 135 214 866 5520 1 1 1 0 3 0
503 230 198 1521 16820 0 1 1 1 1 0 12 7 96 1802 0 0 0 0 0 0 307 238 2115 27820 1 3 3 2 2 0
504 92 128 614 2487 1 2 0 0 2 0 4 10 30 200 0 0 0 0 0 0 102 163 690 3002 1 3 2 1 3 1
505 96 131 641 2725 1 2 1 0 2 0 2 13 17 176 0 0 0 0 0 0 106 180 694 3281 2 3 2 1 2 1
506 122 200 794 4531 1 1 0 0 2 0 1 7 9 125 0 0 0 0 0 0 131 241 851 5153 1 2 3 0 2 0
507 110 171 712 3665 1 1 0 0 1 0 1 10 13 123 0 0 0 0 0 0 116 207 760 4111 1 2 1 0 2 1
508 163 157 1047 8198 0 0 0 0 1 0 2 4 11 206 0 0 0 0 0 0 173 177 1098 9282 1 1 1 1 2 0
509 154 239 1038 7313 1 1 2 0 1 0 3 19 29 325 0 0 0 0 0 0 171 363 1177 9094 1 4 5 2 3 1
510 117 146 763 4260 0 0 0 0 1 0 1 6 13 130 0 0 0 0 0 0 124 176 812 4738 1 2 2 1 2 0
511 148 147 946 6807 0 0 0 0 1 0 2 6 16 207 0 0 0 0 0 0 156 175 1017 7602 1 1 1 0 2 0
512 134 205 886 5567 1 1 1 0 2 0 3 9 30 336 0 0 0 0 0 0 164 296 1133 8444 1 3 5 2 3 1
513 145 136 942 6588 0 0 0 0 1 0 4 6 25 371 0 0 0 0 0 0 167 172 1085 8620 1 1 2 0 2 0
514 150 190 972 7019 0 0 0 0 1 0 3 11 26 384 0 0 0 0 0 0 175 280 1138 9670 1 2 2 1 2 0
515 113 186 727 3912 1 0 0 0 1 0 2 10 14 181 0 0 0 0 0 0 124 230 791 4786 1 1 1 0 3 0
516 183 205 1208 10520 1 1 1 0 1 0 5 9 32 673 0 0 0 0 0 0 218 262 1422 14930 1 2 3 1 3 0
517 198 202 1305 12140 1 1 1 0 1 0 5 8 36 597 0 0 0 0 0 0 237 252 1605 16460 1 3 4 1 2 0
518 128 182 844 4931 1 1 0 0 1 0 4 11 31 343 0 0 0 0 0 0 150 243 993 6747 1 2 1 1 2 0
519 127 167 825 4938 1 1 0 0 2 0 3 10 24 286 0 0 0 0 0 0 144 217 936 6241 1 1 1 0 3 0
520 92 139 599 2578 1 1 0 0 2 0 3 11 23 196 0 0 0 0 0 0 105 178 678 3266 1 2 1 0 3 0
521 246 216 1655 18410 1 2 2 1 1 0 9 9 70 1399 0 0 0 0 0 0 299 269 2057 26420 1 4 4 2 3 0
522 112 198 713 3881 0 0 0 0 1 0 1 10 9 93 0 0 0 0 0 0 119 264 763 4359 1 0 0 0 2 0
523 137 186 887 5710 0 1 0 0 1 0 3 12 22 264 0 0 0 0 0 0 151 256 994 7019 1 2 1 1 2 0
524 98 156 630 2932 0 0 0 0 1 0 2 12 19 152 0 0 0 0 0 0 112 229 743 3765 1 2 0 0 2 0
525 85 131 545 2213 1 0 0 0 1 0 1 6 10 72 0 0 0 0 0 0 94 184 633 2756 1 2 1 0 2 1
526 134 187 874 5511 1 1 0 0 1 0 1 6 14 160 0 0 0 0 0 0 153 251 1019 7198 1 3 2 1 3 0
527 123 122 789 4685 0 0 0 0 1 0 1 4 7 89 0 0 0 0 0 0 136 192 872 5649 1 2 1 1 3 0
528 139 131 903 5942 1 0 1 0 1 0 5 26 40 447 0 0 0 0 0 0 146 153 945 6533 1 1 1 1 2 0
529 120 134 778 4452 1 0 0 0 1 0 2 5 17 185 0 0 0 0 0 0 134 157 869 5499 1 1 1 0 2 0
530 117 175 758 4229 1 0 0 0 1 0 4 19 31 306 0 0 0 0 0 0 135 279 885 5523 1 1 1 1 2 0
531 116 200 752 4162 1 0 0 0 1 0 2 8 13 153 0 0 0 0 0 0 133 288 870 5506 1 2 2 0 3 0
532 136 163 877 5755 0 0 0 0 1 0 2 4 13 172 0 0 0 0 0 0 158 202 1016 7734 1 1 1 0 2 0
533 204 206 1347 12990 0 1 1 1 2 0 8 17 51 1004 0 0 0 0 0 0 232 271 1520 16450 1 2 3 1 3 0
534 109 176 707 3656 0 0 0 0 1 0 1 15 11 100 0 0 0 0 0 0 116 265 764 4075 1 2 2 0 2 0
535 205 208 1378 13080 1 1 2 1 2 0 6 9 47 877 0 0 0 0 0 0 243 254 1602 18090 1 3 4 2 3 0
536 142 225 937 6298 1 1 1 0 1 0 2 18 18 185 0 0 0 0 0 0 152 342 1043 7283 1 2 4 1 2 0
537 116 244 763 4064 1 1 0 0 2 0 2 19 21 209 0 0 0 0 0 0 129 321 861 4877 1 3 1 1 2 0
538 77 254 479 1788 0 0 0 0 1 0 3 14 24 191 0 0 0 0 0 0 90 309 571 2480 1 0 0 0 3 0
539 76 254 483 1704 0 1 0 0 2 0 2 14 14 117 0 0 0 0 0 0 86 318 544 2236 1 3 3 0 2 1
540 115 144 746 4029 0 1 0 0 1 0 2 17 16 208 0 0 0 0 0 0 122 196 787 4578 1 2 1 0 2 0
541 144 249 958 6564 0 1 1 0 1 0 2 10 26 231 0 0 0 0 0 0 162 317 1135 8089 1 4 4 1 3 1
542 147 254 947 6686 0 0 0 0 1 0 3 13 21 274 0 0 0 0 0 0 165 322 1074 8264 1 1 1 1 2 0
543 132 280 848 5384 0 0 0 0 1 0 2 15 15 178 0 0 0 0 0 0 143 371 924 6296 1 1 1 0 2 0
544 138 207 897 5848 0 1 0 0 1 0 2 10 20 231 0 0 0 0 0 0 150 247 991 6886 1 2 1 0 2 0
545 136 232 871 5732 0 0 0 0 1 0 3 13 20 312 0 0 0 0 0 0 153 290 975 7298 1 1 1 0 2 0
546 103 163 653 3249 0 0 0 0 1 0 2 9 13 129 0 0 0 0 0 0 112 217 711 3849 1 0 0 0 2 0
547 102 165 658 3208 0 0 0 0 1 0 1 10 9 73 0 0 0 0 0 0 108 220 710 3574 1 2 1 0 2 0
548 96 193 610 2857 0 0 0 0 1 0 2 13 20 182 0 0 0 0 0 0 109 255 691 3642 1 0 0 0 2 0
549 108 242 688 3616 0 0 0 0 1 0 5 19 35 330 0 0 0 0 0 0 130 314 839 5056 1 1 0 0 3 0
550 108 214 685 3605 0 0 0 0 1 0 3 13 21 206 0 0 0 0 0 0 116 247 740 4123 1 0 0 0 2 0
551 111 224 714 3784 0 0 0 0 2 0 2 14 19 178 0 0 0 0 0 0 120 282 778 4366 1 1 1 0 3 0
552 127 294 813 5079 0 0 0 0 1 0 2 13 14 187 0 0 0 0 0 0 138 360 881 5947 1 1 0 0 2 0
553 93 219 590 2640 0 0 0 0 1 0 3 18 21 178 0 0 0 0 0 0 98 250 628 2958 1 0 0 0 2 0
554 128 289 825 5143 0 0 0 0 1 0 2 13 15 168 0 0 0 0 0 0 138 357 888 5957 1 1 2 0 2 0
555 102 276 656 3214 0 0 0 0 1 0 2 22 14 144 0 0 0 0 0 0 108 349 695 3576 1 1 2 0 2 0
556 101 195 647 3117 1 0 0 0 1 0 2 20 16 168 0 0 0 0 0 0 106 228 678 3473 1 1 0 0 2 0
557 94 278 592 2713 0 0 0 0 1 0 5 29 36 291 0 0 0 0 0 0 104 342 665 3306 1 0 0 0 2 0
558 145 226 963 6571 0 1 1 0 1 0 2 11 22 195 0 0 0 0 0 0 154 272 1059 7335 1 3 3 1 2 0
559 115 239 745 4035 0 1 1 0 1 0 2 29 19 169 0 0 0 0 0 0 124 371 822 4742 1 2 3 0 2 0
560 140 271 913 6004 0 1 0 0 1 0 3 14 28 298 0 0 0 0 0 0 153 331 1002 7067 1 2 1 1 2 0
561 112 293 706 3860 0 0 0 0 1 0 3 38 20 228 0 0 0 0 0 0 119 383 751 4396 0 0 0 0 1 0
562 152 306 1034 7169 1 2 2 0 2 0 2 12 23 226 0 0 0 0 0 0 175 427 1287 9150 1 7 11 2 4 1
563 209 250 1430 13470 1 2 3 1 2 0 9 10 87 1188 0 0 0 0 0 0 242 294 1791 18190 1 4 6 2 2 0
564 215 223 1420 14790 1 1 2 1 1 0 11 12 76 1587 0 0 0 0 0 0 254 264 1661 20270 1 2 4 2 2 0
565 201 282 1312 12610 0 1 1 0 1 0 7 24 52 990 0 0 0 0 0 0 236 382 1550 17310 1 1 3 1 2 0
566 166 280 1083 8581 0 1 0 0 1 0 4 10 34 485 0 0 0 0 0 0 189 341 1267 11240 1 3 3 1 2 0
567 206 293 1401 12650 1 2 3 1 2 0 7 15 57 862 0 0 0 0 0 0 257 394 1846 18210 1 8 9 2 4 1
568 77 245 479 1810 0 0 0 0 1 0 3 14 25 191 0 0 0 0 0 0 94 303 591 2686 0 0 0 0 2 0
